131.1460719970469
104.88319823943169
114.64157950434159
128.09875489461362
127.48631345020976
124.32887747980068
159.3835236999511
138.90106085630373
134.04963950022403
132.0597578998299
131.99118274208365
115.39799451540348
120.99629231164009
128.86415527078597
141.45260789247587
125.03662090738916
140.6880033818746
133.16917541167888
143.14647150747422
109.69847366198553
129.8574410488233
119.00267050608136
141.5659853419083
140.50527254183731
130.5302482126945
152.42796951722738
158.78438984977524
158.22039613331467
139.71498005186004
156.28310371000674
138.3099532098582
143.9896941490121
146.42937102982273
149.64748560299125
138.7851115998645
131.05675460040558
115.16616951301742
129.5412166075417
133.61978458455997
113.04849591440424
113.51112414829781
113.59361823089814
102.58026188515804
129.59463175212989
108.40566715131429
138.63315070361148
120.2210698208687
120.25583306622082
108.95059291896897
88.0741176523714
103.12185079355152
92.20374885191006
83.44674205748238
91.6772339659203
89.35190749315342
96.32449682112404
110.26459384215563
111.34293519311596
106.36011311606012
117.38164934482405
118.45608516753332
143.6308106089073
105.25274104499456
123.84674645663632
103.13338177641553
115.65493818044732
94.98539141447901
83.77031843123186
89.01952129630844
94.83949247374
84.20762514288413
97.32799942313059
97.48066020229284
104.85275816500055
103.48407331382592
115.41899945201376
114.12634136291607
122.32555109707704
110.55053438840426
118.12707123793743
106.88852272723987
131.94093151041926
104.72712022251712
125.98675604945826
104.3078900197053
125.76578089325122
107.43982976713518
126.55715187795808
119.69777904266208
93.02862010706349
94.08430291540903
95.48801140051195
105.46820346607663
108.05424519627805
93.99267082661672
108.08152836203448
82.72160572208813
103.24004802418813
79.0692961983007
98.25098201219726
67.99058972621556
63.245812689323984
62.162966850722285
80.66566411492198
80.84666566322018
106.07014199817844
107.69540644132795
103.2126953213893
112.88404741855511
112.12700622398353
113.04797175183324
117.41840057899459
108.49959473372223
107.09132003515624
96.41631424518022
121.19291531252907
100.3934343351222
105.31421138643849
110.28037611318489
96.58651960356825
98.29954321325452
106.55488569701812
101.41238726413869
109.8367220508903
119.12985448904675
97.59547929844248
118.93524518939603
101.99907507377667
101.96366878183474
116.0671748942479
118.64010286878111
113.1806757410987
104.59581097541293
103.60042689715192
111.27080564738057
93.94259809795915
100.88618292684113
76.63561263681089
73.12279107701768
94.06440711491584
95.59945974182054
89.65858606972432
88.1965643314602
97.81014056299328
96.49004809693209
88.292544640556
72.84910230793957
95.38175448961887
90.42027326523022
98.15785341624539
99.27050693283589
78.96526395157015
100.47279302396484
116.96508671344887
107.78055704604091
97.11616373222029
97.77927815558083
79.71735450179439
107.0276984674704
82.68370258504909
96.93863869800714
92.04692243701388
86.01725106875827
92.16766570138721
89.33537157763126
102.63995234683402
101.4793927090205
96.96135684486345
89.34811924998785
95.88023481512059
102.17717372801224
93.06339587406671
85.42478402228551
93.25222326082927
84.81825345900037
87.17245616314621
88.4424077616062
83.20131748899446
97.90849560139519
95.86244591244511
95.229839364463
90.40538528197207
87.6977993399527
86.68307503451511
85.66707422552108
84.963193256254
82.00561162993297
84.78069706234847
78.53136557418149
82.95617641934454
95.45077649982254
82.04491366961675
104.23961605123762
77.44602334012855
102.07786245900373
108.56294144543456
111.24022058574835
97.48640402213456
104.76353565532891
121.77486076038981
109.68492156834193
99.09923565400459
119.3347699410899
126.04074259543071
128.98558562281167
141.86211683990592
136.59861827373587
123.32894184462937
134.61430839396837
132.32685486470226
113.9291697180874
104.94204005966296
95.30838998096682
102.487457337953
91.60359849085489
93.65581260945804
97.30570370348335
99.27144071127057
104.6520583147622
87.14987891500917
96.46074018716344
90.09615895298295
90.14811897753259
91.03426063310718
97.79498965983639
86.33680622494359
86.69606103435153
110.66076991559308
104.91182773704246
88.92183797371972
79.92341125104153
69.68990247946243
65.35650536134958
65.12162176182089
64.05683334776417
66.16431427104621
53.999160299787526
56.2654089752644
68.72499931582443
58.60335873987217
67.63779359641711
71.81344358577154
66.10092690249019
69.22093184402661
85.36235106392263
78.02062505606801
72.94009546489394
89.97687240056115
74.73914994305004
78.04314530667253
87.036310703212
79.48839409287244
66.40533904097731
99.67039225532213
95.02064202449583
81.6010731704136
97.78493347722677
93.8250912981726
93.91842092299997
112.35580607411711
80.24601007910167
114.08013871283819
92.89663519427724
101.97496562431412
100.860613966878
138.01611310622732
121.22760445845768
109.64963242782278
92.63735065001589
109.63039893367286
101.38076146500276
82.9380835525603
88.53334415932162
92.34389377363806
86.1757527791436
68.36623880536776
83.43038788846117
67.60913201272292
74.5216941739359
54.486044392855
52.29139694895668
68.34695985066668
59.02074746611595
69.57338869960675
68.16679341640963
68.74024473812544
83.0304630175626
83.38189187604173
92.17849992763685
82.25799535432631
86.0632706091748
90.02961922337265
93.94758717057772
104.73076929834099
113.4464351794056
123.86913813215156
125.0288877651684
109.87400216265999
102.5012963303508
105.02081636685826
102.9358070900282
116.20519137244104
105.52009041096835
113.63258546256463
102.8877155822135
116.00915548348975
116.32736339434265
117.78417759385944
102.00733909333127
105.13051311121308
101.67860693977028
98.96951959910997
106.63966586338904
103.5065690913115
99.41224042798534
101.54185426910311
73.91616954070378
86.4401662156501
100.89316229794791
108.2926141843339
115.68615617254709
122.24019973712036
114.37861188558699
117.45511687575492
113.9154491994859
135.47478884353507
131.58113628071922
109.73827388363978
109.53852783015036
106.56740586723303
88.8714021699265
65.02167226595947
79.56358824754125
66.31093692135408
77.94352678219427
61.877119405359934
73.8987490160991
71.23496275933951
71.17915171017457
75.31401538085613
85.97107069521871
78.44303063884622
83.04956899477331
105.95120613786034
73.76133710367395
95.88064700246001
79.13631044375093
101.389525941904
86.32257176281139
99.80725371133715
65.42939282822792
89.08163357134731
66.69858455353514
74.71387188330526
69.70574769108107
68.7305539870138
85.8997296051234
84.19402905852552
87.08749717580581
92.4606440990672
94.58789847918601
84.58153119617162
99.31061374829257
96.43336810006825
109.78174279762969
109.53989958214406
106.11226993147532
124.70279933209335
114.13316920912688
135.01726142825171
133.5001966485575
151.66473229929477
137.6320955255688
144.57059008282732
147.21904576079524
131.4429940180222
142.66646535589496
137.09367515088096
124.66789567118956
145.45741135076574
118.5668026902801
119.44807693572926
120.7354020358651
123.1895257768634
110.66523965321771
102.5747571674874
84.951307206793
89.29279507337314
99.1959975138738
75.01578484419947
97.5969291563426
99.34068186399792
88.07729903260496
81.26456406781534
87.67618334621083
84.6614252325311
90.13667122622002
96.12302437937372
87.95834408953954
82.48984706182898
78.51979714836007
70.76115698833716
84.39226341818676
97.2152926387321
100.25906234603006
87.06329114365984
111.10727141979477
113.35114728329029
99.4497906854307
105.71823589865677
107.96769836228727
112.9729314953213
132.94793519056896
119.71308615141555
143.93904180910891
129.48094011729805
138.5122243674888
132.6742260924533
111.17751081042356
118.20891441639478
119.5222821403226
123.0674685122399
110.56874797056727
131.65269688352754
133.14826141614301
113.69643916127285
88.85057687882501
83.20396837196444
72.03984127930322
74.6378351829483
96.06599581019786
95.62699649323895
82.74151981183005
85.39005059069589
81.43156220551423
74.12048581897199
70.42109990237765
64.96108385546549
62.35010461341085
70.64060402671262
80.68748711556219
60.702478300480735
55.29852997288786
77.97911538277259
68.58516527738381
87.68758828067871
94.76777291484066
95.5326487307981
104.45617221955112
106.12133701118562
102.44314517853081
102.03861355511789
104.51648989057189
78.8845018845723
104.25469007916948
76.62327183917942
89.62629621140697
89.95462201842653
107.88047344749171
89.46956418757433
90.34381316063897
99.18222381643673
89.29418255084722
98.35526177937993
82.34829737326858
74.11200898421879
72.43427409708114
90.81613086031132
92.16823114777148
109.96084947742004
90.0590170980376
80.50527839260187
90.32055334590092
78.77323882259063
104.11621729905433
87.00403856860996
84.6762326134266
93.79289985624878
86.67966217310627
95.76164914157113
71.83606597947806
80.9926076458258
78.0086520619114
67.54293090368867
58.75990293538913
77.73380128365201
52.070329518204154
65.63057742645812
65.48626963192763
61.32890356924878
70.93197201085498
65.16753593611064
76.3326807846153
93.38962745203736
91.5024576482926
89.52795747178283
110.64925783100924
94.88386117362018
117.68469653588008
94.29468304315188
97.30073249947155
96.37077572568353
84.3377011755494
89.55519109458798
72.00587596945809
58.346977649627846
45.97099275839683
56.02995055641469
52.91690116776028
81.91234268013613
92.9646088958739
89.59553046327989
104.87513407947114
106.95292538436692
98.59184219174487
97.14978928036705
112.08606078552938
95.12387293834206
107.25001477485581
97.0783080903848
94.14992379715277
103.15310680197027
102.16567960818489
117.54258106294313
120.25708211659654
107.70916086918547
109.0184968427106
98.08388549801461
107.75835408207365
113.89195193921242
119.86685873070093
110.62239991640412
124.60048342464032
131.3517708871268
97.86904717830791
108.85942985449915
96.17712075757184
123.52293924899612
100.87652757995323
116.92794516926233
106.13502753310593
102.69026043949924
113.19650944518072
101.62228253181195
94.34418789753559
102.91261294421064
99.97216916015206
101.78899351134943
110.2365259685173
121.62423473840849
134.6733808000967
145.67402705328237
138.55506588252433
156.93984565572057
139.83804946596368
144.7375392143217
162.36999260550903
138.85763748517414
123.18899488362896
145.34581096097745
139.58680934776208
121.9779596628005
146.7353086451826
108.39056460035023
116.19179190543102
101.5808214916078
98.82940928716455
117.63177641236565
118.08626963796189
108.22032876148205
113.82652452863978
116.87890193181295
117.65269706611468
125.93738035585147
138.40699049826827
125.56700174936154
120.89952510874068
119.94933861458455
107.20614091139157
84.49340603394675
120.16936133072568
101.30620208418313
107.99442531986655
101.33448633213038
108.35849400622496
96.38768141428301
88.11589564463965
77.37801245160793
64.0841371169295
67.3588112434041
67.6886573754581
59.885299933311096
72.9928731123964
67.83235873280043
88.0201953243776
68.59792962114264
82.75791094482122
88.92902894970109
94.1934223233451
72.46493404193511
94.94046868088729
74.34258143819855
71.88680647058571
70.75380679586019
106.25148583472605
79.61975553804962
92.98733398407703
92.64360438131155
94.01452011585523
117.05611972888778
123.90237071603508
107.46975993595012
112.44838967681552
119.22858595992494
81.68042550848752
101.49111389775463
109.45282699373459
76.99960224000267
86.25911202078103
101.22261565402897
80.1922445831692
79.12706356007695
85.16134463910005
88.22695992889628
90.14199138799285
89.32714067303799
81.42802288964924
98.27507272527772
92.22997236926444
92.69491755818827
90.7637097231156
89.47331556466331
94.63363745670381
90.68657813086972
87.37659726715383
87.92503997867223
92.57696580159023
71.73805375176221
73.69388589592371
64.60373234884268
84.76697551016929
72.91054752565191
78.91130612893896
67.44051584634215
65.26623891516611
56.94272602436881
73.85939983563637
73.08543603307088
69.19737586292455
79.75965266683907
81.2406941071799
67.31710186153447
82.59135153612647
74.24532809705138
74.97938029055936
89.12693665297022
85.0359923029188
90.44989207673376
125.43977999632165
130.74717277465876
115.00881029352473
142.93415813335807
114.23529347884562
128.51076057114025
119.03265868943699
119.77439649088754
128.89901207834853
122.08850581304799
108.1495099347658
111.7622093326913
115.17981554151025
125.8326581062513
117.02658321569645
132.39688198266373
113.50935896271726
126.85347344203886
100.36350287004774
105.93945828988194
110.96860085517038
114.34840489620441
121.84607152343771
98.07565983377927
132.0053266184445
106.06153140886616
117.29417399449538
101.12828152881215
111.90118250022346
107.44208169651431
100.6034665940613
96.51102260361108
119.6951728469846
93.9289927322928
109.52649997514409
94.90938500188717
98.22739904586483
99.59597095629269
91.46112776718235
89.6461508158773
114.61426018360524
96.95859871232277
99.62170390981066
97.91892109312674
92.47790456895606
97.88621683646497
94.63845941642282
100.99105412457457
72.68202575224598
74.44273007767035
49.850693834748824
61.56809069877305
55.110982587731556
83.86615643108836
72.869943688558
103.04897655602865
113.48027507732192
97.42273314242918
104.17219246320498
96.73476337104054
67.91682393349241
66.47480374260678
60.06750747366078
62.994762499462084
68.77476453880625
58.724333132379556
71.7575534575882
72.4122328197803
55.13162252272164
47.78274504628058
73.42905728294787
67.35158358395115
80.64858138844556
70.42042032118256
80.9722788333483
84.13895220483619
90.58432706088573
102.68648469069679
98.79717931558588
102.79130570491463
85.52833062791824
83.21380961611565
59.90101661729182
91.5684694047361
74.32710267988585
85.31498975257031
85.9891659561442
94.17482542908881
96.39947937660234
95.82644626052975
90.7892360651991
89.50221767096335
71.4901239850551
121.46550904815564
93.33536745837415
104.19529254155967
135.18114766947707
104.31612718390187
115.07806096620875
96.87211185006983
103.6405134699631
90.7618609621918
100.20585044077626
107.1800119867179
104.93860646026737
97.14595708538023
117.3770576325654
112.70439170605236
116.47917941377337
110.93241812691578
114.02492018550608
111.57390898340108
99.06229652148247
97.83560309393704
95.46450107483652
100.00823567965078
90.48021425811955
96.09577078263364
101.02538791702429
100.2068289808209
99.1512039773964
100.39821318321951
107.2528844240127
86.68501757448982
105.53798831642828
105.17910909198378
110.5244475401627
108.45685105275464
93.27894841995735
98.83306794738444
98.74630328579863
98.86590785241906
89.41453063358772
97.62624924684376
99.18626958712792
88.75289240667999
104.65911583753953
98.47262504339655
114.27130384252202
111.08296512170486
121.40387792272763
108.60529253203438
99.95697087605978
98.7230491164605
98.78067400534427
106.5349110675758
123.16173727625105
114.06904285888555
115.67994900294782
104.0314140823296
98.53865768161815
91.69872304150681
105.71479792230883
98.2256429007091
90.78957168485563
94.65422520138596
100.21490089071827
93.88515994728533
103.82235925879793
109.53610969018605
128.56260702239265
121.59787526814057
109.00074281253012
118.31875342231373
116.76248347560865
144.2857097125172
135.40940600225193
122.62510011905246
110.16479568189045
105.46537065962984
93.42221115206945
88.502109156105
80.56749392684426
92.3825788548535
103.54563519507246
88.92108794222037
117.16846876971934
101.1398451696962
102.71939265808327
104.85616521976533
122.4600942236769
88.82558248352964
107.31947407800054
109.33783619388616
107.03275831998626
102.89170962569064
108.35318649188663
95.51449751138611
110.2219894249194
104.48843526696396
99.97469401838559
107.26603515152364
98.30107278041488
97.82466833646116
98.51350797393248
111.89313563790822
105.20028947541225
105.79187195167869
95.30099581077562
97.6885168672577
114.04072239185443
109.42108073589539
145.11629427035592
128.04370574828977
139.49759699168968
139.05832582847484
133.04874984163277
133.88229604359418
141.13647397647128
130.96366200031173
148.22556091525578
127.64214978546465
129.05047633242418
127.8675170691673
139.56398277958715
119.55780435660266
104.50447335167149
89.91716704316744
86.79999258867016
92.17186183517204
86.48585645326618
106.12398043983484
91.75537056637437
96.70549091630687
95.79394436179992
109.41532832265776
105.08578851720254
102.43980652613782
125.08374070849885
92.30875301347038
120.81974276410156
109.28485589880802
117.68188679784762
129.05516053295804
115.11226887668349
107.73252888707432
111.16485497630921
95.71194869216306
110.32936029055926
107.61211030607889
111.00248304097141
80.77763400920972
99.63798814515366
79.87903098188693
105.99566361692206
97.63146727206329
94.28854759715895
91.18783836937051
70.79875959239057
90.23224931688955
96.67071464345652
89.50988363151549
91.44596560647058
89.49146432536703
96.14535826868162
83.25007425592992
77.71487053438406
79.42894946918975
85.4296382979676
86.70895794135154
85.42605129026734
101.72518933054863
96.51227191835288
92.06391317185854
109.87392649767368
98.6190244039051
113.25357747257829
100.70759144006735
104.24732335591031
131.82585990081265
122.2879057567397
116.20293771612295
139.46579101681237
110.27120631997956
120.81618302093717
122.10579816341799
116.78673883119417
113.33647903988467
122.26043636410074
117.75741346132105
106.2013902715133
119.49026445669523
115.6645999502873
115.4977327420169
115.43226644032349
138.3065245166187
111.32672986164361
103.76906334196458
108.63494907235287
99.90666096933491
86.77265516254997
102.48670867976918
95.91212159125233
111.73154501314517
98.30547772231141
101.27166560779854
126.45453848833446
118.73324414396893
134.1005803325355
114.15694390302092
122.15553622675313
119.76525555318696
121.41760385341435
124.16946313269654
136.93447399831214
94.97620756186822
101.71899667319919
96.94666872472675
86.84288482682277
83.71446117886417
64.92095000328075
93.23210102718863
78.24314222082714
82.68884379250446
75.4647844451434
60.34136143155343
53.417054727150784
54.48203387372326
60.01959910694012
68.60076651177816
47.55844614247178
66.30318327264784
73.97166083135527
75.90754432976037
94.30939940494214
61.13764227701668
97.15898257148478
93.4123420291206
86.02838411988328
90.28207946106521
95.8409034673344
65.41165091270274
74.68520907784547
68.48234117980564
78.3853662217227
71.85350729562603
84.79661583380047
91.21241500658226
93.59172819648624
92.7690825765464
81.26911111320193
86.43215763481024
89.5313191911838
77.28107060384423
75.29908673087184
69.02883322815052
71.37170451983967
80.85222753302875
77.88822579112757
85.93425822914999
73.94427921651057
91.41077374124899
84.72662751300533
102.90751696972298
78.82784457802487
87.11245203946201
90.48584816773577
83.44290077608497
69.17943796561595
69.25157317250073
72.15465313341079
83.53292602035707
79.44151749460289
77.02722348292272
66.77741449016818
76.3929400158018
76.55098041106109
81.86054711021931
92.03555461087825
77.32680480500305
65.91171251836354
83.53722720609828
79.21257076270501
82.78463046286151
81.08499734751204
87.8459837261419
100.7191442312698
113.09544452902637
84.7945526030716
106.32375903469824
87.55499761479507
114.30065976230506
106.01915169332457
117.62558714599037
119.11855804515113
106.90842315718498
93.5956449969982
97.49649629290738
97.74893767170975
96.3747289089744
97.95092542175249
94.56660357486835
104.7179090358639
79.85288146139206
79.5810409951359
100.81221159337083
93.3530080044827
93.23803652874062
103.68793224041767
107.00626289351487
117.41382547038504
132.79779569231968
132.05386191151956
135.15469656569988
120.84571616550456
138.1462386926692
125.61079763862928
140.32001763689325
122.40491793747937
126.11157744938147
136.14570447243764
141.55563974177412
122.53772084092421
127.32197699053197
123.87478919765327
129.26172668116837
103.85965075946653
114.09483667722093
92.43808868723119
96.34848583464465
91.42847284799298
97.79247393955467
104.83446246782367
107.9119159313164
111.61402825934852
112.060655880948
116.6243194150262
107.92110327403492
127.40311079749183
121.3176604792875
132.23140194323355
156.40747086324944
143.39436795985714
131.98798650195104
130.939649991407
117.95463038737391
132.89984737317056
134.93429854298444
134.10145505782404
125.79382280608995
139.34968404660054
128.02074214772438
118.43804691419734
126.0087682349676
115.51596267500331
117.94555707884729
96.94646489242466
88.94288100558978
94.03422891017476
110.55296493074734
88.63719432205157
82.16965560004442
69.24719722340065
91.01061020460975
66.39357882527653
63.05951103678741
76.92238385842641
55.19869704749243
49.12402342557603
56.76649636312642
62.34814836795334
76.26558950994541
78.74310619389473
78.58679667810026
100.05549023509907
102.41788250835491
108.47945045057233
87.80590740582517
87.66436857706152
84.35754945787885
81.45781805427721
82.81261614248741
83.44942078091111
82.5109534036761
76.5186210999287
80.67019449711383
83.03876769410748
82.9422825161433
78.34628398891067
96.09043684299519
90.48112106822191
88.3906447442564
89.26654646202084
110.33643847463053
98.72463618784444
90.07363168004181
104.43419284146343
92.38932908976996
88.9892011092042
111.24039445306813
91.82695564156185
97.82675666899412
90.61827738559269
85.09449321383576
99.48377345753315
95.24845837084744
91.41276273554867
92.76929059606847
92.86799124264871
71.00273309735242
93.31856896551368
104.73716246398823
89.13160773825801
94.9642016526496
85.98703896766536
84.08864207393496
97.43263505671266
105.48733507703301
111.17606874159402
105.22786628247223
115.90334714672228
118.77955028854626
92.75936944430673
94.53729602421426
92.14275721311567
94.58910118785425
95.54985671199195
109.2038849034834
104.78321046682683
96.0755850981185
108.71832822341915
97.77307744240022
102.18128113159723
86.75726959450066
83.31524156054572
96.01033789014618
97.89428976240353
96.0194181452529
78.50921075392064
82.91541972018693
75.21210247815988
73.68921033304588
73.27990837707436
58.891385369721895
58.682114754416645
75.02558798122794
54.94748989708842
76.02080724608369
78.8358542588408
83.12518074984217
78.66633843215288
97.80302544205958
100.2911577698354
89.68276590439996
84.0299193433263
100.59235955542907
101.25329418366627
102.03489086450587
85.6888641648943
103.75883084127977
104.84072032196093
106.62764144343491
109.53790844955873
91.97388792097658
97.6809951631653
97.80688438732534
109.41840762721759
111.40159932492455
106.97419637260799
96.70828248527886
72.98753068132812
78.86372220357453
82.55700190154595
72.92667926274505
92.78165536865747
96.72438232038658
84.4836184044595
97.05658862855469
90.6146257018358
100.47492351163329
93.41686824818117
86.60629092674647
85.70413603498872
83.21553304600207
73.02244345663394
79.56506719788898
79.55753556409762
88.98245006488203
75.68536138698167
100.1120402034755
84.93756878128023
99.19772606971915
85.45117443442685
115.9895084744511
110.86460988463794
118.90283160920326
113.65345131986102
141.02883730329214
130.7453137249697
148.60489576794947
135.67625402045573
136.22681064520478
124.00519722201362
107.07424257030962
126.225140411834
121.25823140485532
118.48164305556004
118.59241561566252
110.53054613161568
106.50373477476066
110.5684343115432
94.56874106236262
106.14126093319805
73.39891002982482
87.3845509669694
91.14729010540609
83.38212483246764
73.86127108664215
73.66976761649572
70.37556168921884
65.85866680484193
80.15526273476387
101.2905085777542
95.13409148143764
106.07008059525337
95.7765866937886
106.42725562125426
97.6520590886328
110.97717266384146
119.88290954625181
127.67108999471282
125.81977282425613
128.04438074523776
88.83641514636355
114.63394695413186
104.29820726154742
101.90433981064879
93.29544350059277
103.06587737354647
115.15021946630355
102.89833805978532
106.65267547856953
108.45757849346053
105.45403641725902
99.95571178174953
80.81345577864349
96.46709392803392
97.37014497609275
93.57965857506778
107.5640676493547
108.9731168977359
117.93023960134136
119.10817611863985
121.51055718622683
113.6112641542454
122.42157705717452
110.72647515234164
121.82242839190131
113.84880879362709
113.20606525206539
125.65203029299455
133.2012464026347
130.46050119806344
137.27699762425652
119.66186481406311
124.11734034298523
114.60132181413577
114.7453788330117
92.55788011196262
89.19959138487734
81.19815311466506
85.22957851174974
79.21352920291831
81.16764347560388
95.02020353211871
96.8679292436842
91.82527808462281
104.69172684911221
97.3804392379842
109.06664848146865
107.92034746175125
107.69538539568394
113.1718021846072
106.73897618662602
97.85350870943022
128.6418499035481
109.05454910442639
124.63298362602146
129.59194120414824
121.18345583228944
123.83370710589968
113.74351764626792
99.2773788732018
90.59465859620073
76.2515292289321
81.42587110647243
66.28859593136481
67.64367715674855
99.65985977493861
93.60546249805833
120.86807652348013
126.00780284724719
119.58863072428026
122.55633889981343
120.42957478489247
132.04973386329465
116.31275970991558
112.16302958866937
137.08195699606665
142.68183877431477
132.7163284862493
138.79555604724032
134.42644459942616
121.54894819725598
119.84056876164522
127.04156593226925
111.58308412397864
102.39408951157537
117.12987459779272
101.96203529520976
123.84635990625415
117.99471635308652
135.79433493689007
143.20139715104034
130.65747876491469
125.01564971456321
103.4985899052932
133.76336884507893
125.55305013490346
121.24318449856435
109.19924559727734
90.7010718194607
101.21038359762571
106.7915257789154
96.77100949006186
106.1266448005951
97.97258498720267
102.84130001193651
84.17921323445864
86.45356599313142
100.74698640653759
85.12468141416585
103.4118496525947
98.57268030542835
92.72609572863834
99.17675437622904
94.62758134975773
83.29823134366735
76.18596811976755
94.40443431623257
86.59819349226731
78.97865618638319
88.62463933660753
87.41736426728262
69.50120353661768
86.23462921149468
69.65168972612594
78.9280729786351
85.01404099531109
90.51427847753521
89.36357914007914
87.79544439222514
94.26340214756331
71.59156298591986
84.41068291688461
69.32164507917005
78.22258532371451
58.153046065143094
106.97619026311102
86.38298328384926
85.6197168759504
76.91467997712061
85.37951204303103
97.76449839126388
106.08277710266286
99.30930194486945
118.84202178108103
123.72359362505709
123.56808128192635
116.52819444432329
107.14882682850589
105.09185165263669
100.65742692172145
93.69834966694762
100.6617724475708
95.14554203377534
95.90419677177599
87.27601649362002
60.052227962504574
70.89693956685548
91.80958053203562
88.31706971985983
81.62334544209855
103.79600322869919
99.178557495832
109.83569028455994
106.99673133341565
107.57815277208658
95.28068684050436
110.53467309115774
101.44437529079833
102.70898316619545
97.18853544990358
118.45204767654558
119.66278629277939
88.51906704763937
117.05353010651396
102.45862921615219
116.48735138209007
113.76224323473005
114.832018071864
124.67507315755506
115.98918889195177
120.62240055717156
119.89097473088131
120.13559922869486
129.78482897605326
116.05157455375416
128.49851172839294
120.87529001624387
106.5662896454038
113.46867794317495
100.89664022816801
92.70829805562586
86.21017408526656
113.00345883011491
112.59029597959426
97.0707226562999
94.07118421732679
89.6009605092397
78.51335100168075
85.94021683549515
74.87530065565946
68.50343448815664
64.9733934555993
73.82463019129709
84.18316775770474
77.74093948100844
84.0772357878342
77.15067805354825
84.46438085673208
79.2500444577591
87.98280458939534
91.09533494727367
117.4396452887614
118.22279776359295
123.57082010039501
130.45949881849944
115.51545942742189
123.5480442749684
117.31604269663295
113.91611932270835
144.92890371525206
117.27925219561146
122.63126853473312
111.88984916598868
110.09160651099674
113.7691633968934
126.36239364745599
109.41078417203144
106.63244411618243
95.39641886584035
87.09028090896267
92.27584226697937
96.08251798813274
100.74976477887523
94.63216546337462
76.00008406358876
95.79851227995701
74.73338737263697
83.3592289395086
58.61041411864288
92.50687491305096
74.4904977450646
90.1562965445533
102.86883555665958
114.09180067491396
103.74884330555322
107.30146898355717
112.8084940485501
97.73343972520435
124.53590360862123
90.78835899473886
125.04747382323296
117.88787046438436
128.56302070168482
115.5152384058618
133.62675852304434
108.80817173428396
114.35063612113085
106.56601808373468
123.36529885834003
100.85078842101308
99.64688901075625
98.58014734895355
92.95840574641913
102.30517451084442
96.72015030308907
105.87867246140269
116.51815715799576
113.39593224005868
117.55888000979309
102.59840183804928
97.6447972086875
103.44481924313389
112.6039303656117
105.98209144175325
108.03690291253278
105.4868221235662
118.37026278934226
103.29600490889644
101.71888863402256
99.92870135288868
111.49045855268112
113.57177033106205
125.7505988350976
111.68643354713797
111.20723533410829
119.41840807728454
111.11923618689931
123.00251919532397
111.23606161961109
131.4241833624772
117.86733801595706
114.65589843760674
120.81915620546091
95.75872755461327
102.05181676159775
92.81751711020324
111.85848787609068
120.6030810970329
122.05117312561525
113.53733948714671
115.56156838512936
102.84020663922296
77.53038104333427
90.8404646982874
90.5702157199839
88.94090946799608
91.47828298350582
97.73229283341834
97.80421292057552
79.32715255040988
87.77702621392275
87.25770383463401
103.71739556496776
74.54816595019992
84.34249685159419
90.34890613716
89.54783908822235
91.91897677986289
91.33179891939216
109.06479903486442
92.84171383406569
104.82912999703935
79.51114874019075
81.8648267212817
62.91773277212864
70.84736522636396
79.27807076558925
79.63349236398801
84.6857207218736
70.22565971799378
72.33488096868078
82.53036185836719
74.8239998796419
82.70650421310859
89.42105194542835
92.09558128955742
94.8271858559312
94.91454907268187
81.80537536834947
101.03408263188676
95.04156497633981
108.89019822636004
110.29548053813068
123.89040650917725
113.94542980299282
116.93410233896319
112.60088931412069
104.59616638938708
97.6641148123978
97.16400826256105
129.07597203772886
120.32782940136433
147.75292280231224
112.65113322712648
123.75805662753008
105.62595907759524
120.86389967396656
111.46991445712253
99.37331220219843
85.09958688399749
95.93536284099754
76.95719419374262
72.0784859305793
74.5607561949913
55.12284012424803
77.75975901878833
58.030722371000614
67.54533590076531
69.23335678196777
88.05824848091952
92.68279079189149
97.81005666045797
111.35791344881403
108.24296793209906
102.70260793350312
86.74150442302023
92.12027661181597
86.44013874875037
92.73730541228734
98.04323093635765
122.0115944157512
106.90759014478157
105.48438006404139
92.8875664169584
71.19964733039079
54.449353290345016
75.48343660794522
64.73279050320477
56.63543124479722
59.70334520065324
74.62097657411331
61.98494601326175
79.71191279358888
58.82972232923991
57.25395456498531
44.193031035879706
58.81820077111736
77.47088763384
93.7593255442238
84.41230173829025
99.38088550850642
98.02384373136178
109.07621579208676
91.44156876990009
126.11294392546398
124.21867168519742
113.06477040126738
113.96242837131425
105.13245164832803
102.88747803857713
113.54015269070851
114.22763393842702
113.33543131694651
107.03132068343837
120.5302781033929
115.35875169504979
113.20835663893706
120.73939734634732
126.74699404308478
111.50040461593262
106.42428247493865
105.72759725963397
117.34094833758135
95.43104382980012
111.77770624725035
108.98406857291798
111.91217139472116
129.87860248219275
127.83362059518535
124.82999583155271
127.47370545289617
112.00114499000163
103.29502501667581
111.65489517272674
87.98377308580224
94.04744871471591
100.87012837120042
110.98762562717397
106.5221584857567
116.09316593881886
97.5253619562954
93.90484821364987
106.10022663156225
84.64765270842831
100.35617807013809
78.99234272584597
96.07380610361459
101.67541922495934
93.50065263166545
121.68303539139279
112.11517940398734
111.56688967054362
116.66822335028773
122.22909472298305
102.51888769573529
123.20189431324711
108.24725691316809
96.02047678236889
113.33678527029832
124.19971877219712
121.24863413093234
141.69782335097267
119.66950843956431
124.11603558482803
123.7156505961899
127.7482717092994
115.3893658081122
110.66493561976262
103.38214635445797
96.72837830048634
87.53690161817524
77.56812279907354
84.6375254199937
67.79062488401472
65.21908260400672
91.92103433812451
71.6659881003003
79.25881260714864
76.22966819463703
59.4308542786285
77.64771846408404
65.38119525663664
85.47491290045417
79.15517612625814
78.89684314772745
81.85065687416788
71.94878256224995
80.62089521930886
77.93842221630686
79.95022695369022
89.18580693309461
89.34537834120927
93.34567756250547
106.69754649835322
112.3959826321306
100.06501312436923
94.77345330016654
96.29459868873515
99.43207512789319
99.684404826812
123.5633961750903
113.28141698642702
101.12578877550953
124.13924157552195
114.87089506583037
100.42975354971195
107.52057140568681
101.77788583516177
99.07057186877141
99.40744702207718
99.65403481101721
96.55679245234111
104.83964203897472
89.45185307164051
93.4152040234523
88.23228569503308
77.99130266692502
84.98746658929194
93.97766584827204
81.72778120579646
92.84232784070463
94.32086122932311
76.67799010216798
82.42848843653927
62.45813442519738
84.20232878797155
71.68222890543474
87.3506307057247
91.10334081148476
118.49445285025318
109.16455377453612
108.14045441415206
119.22032736980375
124.1463907468815
124.78587551251226
121.46492471104725
129.24224827448123
123.79686793640928
125.50921279708678
123.56299472902087
126.44354273818172
105.75699180916331
114.66639797968385
119.39568629228916
127.05781223344279
109.48592816644934
96.04788532324883
105.06034430171081
93.58713505266105
85.5366682848174
74.01621605849387
92.73802658679975
86.71703415823679
71.51523266637592
82.33906750816728
86.79377035914128
100.07502832839886
90.16387785062098
90.63690790278736
82.64893232686569
96.65844996160794
76.47722891714116
90.3329647929736
88.88779421011232
100.51763343824216
101.98613367206043
110.44598196182865
103.94934646203927
114.14369153797885
103.97720099066089
107.14815959524132
95.26073098613944
88.93725552746915
95.99902447312269
73.37302042316362
90.6040364182495
77.00645051221913
98.65220691605508
91.23837047284674
98.57258208411027
96.84638928561235
103.24742601139356
91.8161677388242
109.39445313383074
92.77819769708722
99.08090848689302
106.93260681118683
118.77225508084179
106.04591293327154
104.77541338236668
99.48059768470593
104.9676348670435
81.3193857418726
72.73864240483238
66.92941602297424
90.93693718520615
84.07765420969825
107.1627254411174
100.53973654252565
96.43644586048717
114.54528366609975
97.27868950472
105.13961284968137
98.36225820565869
96.6379530640085
94.4710318494495
101.86356856663251
108.3070984341153
112.5557876867355
105.55655520273328
130.39053529450732
127.92042217410481
117.51832692179289
124.88478567426691
118.14546961867977
139.31753888734102
115.43575038534073
108.31720805013776
97.87649572933813
96.25153242933537
93.0515826304562
82.07410347214069
97.70403979192986
100.8552046835939
87.47978075189691
93.78706007889093
78.76413298441466
104.71558256897691
83.3613079030803
104.07872708163946
97.7410003177175
103.4102787721878
108.22499131786365
100.85160188951106
88.04755528442755
92.83356783258124
98.99935754081038
114.12617844259931
107.80331721882328
112.69358387991339
105.57238129687573
88.13429828133981
81.87715199480488
99.90195456443902
90.59089117069102
101.6992916953697
89.96641965702453
75.41555255310638
81.98502822881854
72.10497523808348
75.3739666733211
91.27535008080574
87.30936041624433
79.73188387671634
85.83742102417636
85.69545234292085
78.65997353994526
83.8578474474877
81.70542493348889
72.28924982624828
70.18901661287542
70.67831411860386
74.32172404245092
84.71550805434083
84.15615848840383
75.48178770865762
89.55721020479892
104.27639650891585
101.87510521140496
101.23132461013518
110.33634050798177
100.35177632032897
115.86484762319893
89.79378704354434
94.0947370808013
102.12588517318602
116.24637606114294
102.0650830492122
125.35324645205561
103.12968313813026
97.63668017846256
87.41153369111292
109.38458290216468
97.05324146887696
96.83904704170584
98.60025533213636
90.27151878728452
92.02674177136528
88.91155394104449
111.46454690080206
88.94613220083052
85.73143020376214
77.77573282093657
75.09270782010749
83.14687660187454
54.297259751874726
63.50963246282282
70.06919083885688
65.62798774172727
77.86764979986113
66.46260715033048
73.81096480756969
70.32016501505072
51.64838951096583
63.487150458278684
72.40932035619217
87.53989221222197
84.53413012382515
79.18491916540236
114.36229681721426
101.4337551330267
98.10900046853432
97.50859623368736
93.27787017827279
100.62789068104385
102.09728739547111
111.55767873872911
105.24802008028928
110.33569621240039
106.91491547151675
115.6868840526063
122.12569964041745
91.31691704792371
118.77602153413517
115.36942366719157
130.25058505814386
115.8767110998871
131.52756256612304
117.62302328745317
121.28642462282409
130.76372217632374
114.91664998835714
131.30044704186966
103.0542910983593
123.98533591831323
114.62474781080942
125.36840603729715
126.28532632689891
130.09186277215989
130.46674002624854
132.39946049382604
124.42350435181926
107.73771009903223
91.4167708826586
88.76040660053458
80.93471090181595
106.23065952719587
90.18997266336568
105.19179459792684
97.007895250694
115.78480321785784
104.68179495910228
110.64876318275964
77.16662750363938
110.0384153111966
108.02374794102917
105.27956215004102
89.66886327326202
90.80823304517052
90.92510001777072
91.11094656810462
86.71349645694833
90.95902872414268
91.72152285592868
97.49696365060893
91.3466386721918
112.53343636989374
110.54131594951335
102.67757028348117
112.65785401444555
100.17070088248036
91.40706758913834
93.14592120092729
122.26197748474827
111.80990799904626
109.00249232716858
115.71155190382203
98.37356112452427
90.67379310928855
118.50778197084125
108.16015518819648
95.94561300860119
94.30673971969446
102.63903902394914
100.68699826426
83.75393289687318
85.92585511549683
81.67299390531623
67.96369365134083
76.33515933777063
72.61191233124721
72.48773657521133
68.16667260346408
57.922347866168124
52.33864966921331
68.95852765943155
61.4819779394454
45.780295914401236
92.00780903876516
79.28911393329237
105.29234601635457
90.25317176247933
82.82346866775259
87.78094239672687
106.69392460180495
90.81464006637441
92.94165021768558
90.94826783013019
93.72474549173364
101.88405811593125
94.60455327423969
84.08652138402127
101.22334293486693
99.44627223863952
86.20932663267688
87.1494031659962
73.83361464928424
76.97349562764293
86.0844320761838
97.23466338325989
88.16715552209897
82.88675122295678
87.36483980777881
88.42255569043763
84.4971842864434
91.0697744738704
96.93239486868553
87.27481322782232
69.88429003135818
87.60869982103227
105.28443291731539
87.54086150214631
84.85094302413246
100.65145936472881
96.49639209279158
85.54863521024346
89.3416405248547
100.90001206608943
92.85752762298907
85.51577029970169
88.95705932539543
88.09992338651789
80.33256084330343
90.32008640768917
99.39336070384405
99.00665436597058
89.05184882025212
99.574573514908
114.20806926208745
116.08106986545826
117.43051688476021
123.29691053758472
118.27684231590064
137.48810004886778
112.16734673466975
129.2533551558341
135.74468400104675
144.3449749275392
118.50368716617135
133.6361019067503
126.96686250409728
121.3198972656013
105.29881094995915
103.6460876360188
84.08200438624101
108.48428706992118
90.58418896431397
115.36359535312837
110.7649944337439
98.36881735855951
108.84838129795793
110.4836752123534
113.31844099529653
119.24705784928743
120.04920220993262
110.6797492765991
120.83939158022221
141.27994754401496
120.64842576199852
109.66000839237216
106.28022876247613
100.5153399935588
109.37431140249406
102.81673627247059
107.3688145993694
104.54430483871208
107.89006792992248
101.10301327607506
101.8638823816438
104.650894766959
122.06996838192286
104.55874745546234
123.07941998237499
130.5830706953736
126.75344575682165
132.8778577700667
128.84383867633005
131.21984213664192
123.11273053867393
133.3715738157625
134.62867258730336
128.83715144366857
139.4822082722192
127.15703359441757
143.20882425282608
135.43788018651574
135.72910405192061
136.2253934760003
134.78448507534677
115.16105622175793
120.27446185991208
94.76498224090588
119.18784684067779
106.54192105048341
123.52287083150091
110.62058126749966
104.05211767274429
106.38515167279056
102.67852790310556
105.38110833109143
80.56274850148635
119.42656681523536
108.13948510073884
111.91208805441192
119.73092547673477
116.28750836712868
141.17546512129738
122.81102920737428
153.88360922366738
145.5135955250636
141.0834535800148
126.80303516640195
117.44782759598402
118.675665392341
107.6462562235458
98.78724622654009
118.78621435970143
120.56817130741963
130.24858324642193
133.97179515371894
141.33900561830865
139.52637763619776
139.77822004497105
123.12264109283758
120.99638477330005
103.02924081076674
97.4866533935775
101.2221772733629
95.71413579501082
88.62957671117684
100.78026846331059
88.8587319892938
97.96276538043986
86.35396774007927
115.8522754466311
84.94640617368299
97.89487308232259
74.53595523017714
77.04584112482314
86.5321614834418
73.9859138020567
66.03318901858202
64.36378605492428
76.9866436955565
80.31867108612728
82.56577504918997
80.85118276855884
74.77948735458526
83.71690261947394
87.11602098945181
80.06052556643186
94.31378684431628
101.32082898294439
113.05869043993984
110.19552352423531
125.99964321011123
122.15977797786309
133.16521911793862
124.22718659724714
113.4794381630638
119.74402225174673
127.19091427631719
127.39509261783773
109.00305330365224
111.91721114240872
94.95518232147334
95.7788188676548
92.44565876024932
107.4952321304767
72.0158339664648
90.67212496503473
102.54402018463166
89.81743187181114
83.00665754220962
104.994715156247
57.57322058425812
76.19461198839713
74.1497300587412
64.7538860625825
86.13800196523616
79.38322261018007
88.80998292818326
97.5143812266242
94.66019403496722
79.96157923947825
93.86306145271826
85.39219165624036
74.30185946948014
68.12458798143403
77.94731847621328
73.51817855052661
70.73635904343757
72.42250588153094
74.1108954430595
62.05252394338314
57.82552159358232
73.92193676772614
71.76443805548836
75.00184837992639
65.33543743151213
85.01939442123553
90.23946061336409
92.59209785293835
86.97055548340104
120.19268122131633
101.74514936418355
113.76213686058311
97.54439607199316
103.1106581514556
101.16862708244253
120.9675989952591
115.23000008416203
119.78540006136586
99.41164152569971
104.03965713010484
82.82172485830564
92.50565209737752
70.32382526707234
68.59083175419616
77.17018761126681
77.42107700713588
65.27537381611984
77.22944792102676
71.47604519365464
88.44084806059425
84.9935100106774
87.22253146037825
95.70844963132369
113.86743233357956
115.24163664024606
105.28398681819888
95.02624201607975
97.90313139558863
96.62717473218726
87.36883827928696
88.27252496068817
75.74106698366862
99.54852404969822
85.26217315433416
62.37442763768538
49.40942524749801
82.50569582453201
95.77240780074999
91.1101816001146
98.88424221497267
90.41894418136769
91.24878227698886
88.80876781697509
101.73053498286718
88.0020943330507
93.28764797113459
102.04027260472002
125.97451230561857
117.9597376311009
132.48409449854373
137.68333349266956
133.9745155890422
118.43001968061999
141.06979850931816
133.62846009806677
127.89362955426675
111.22476656687462
117.74723785618201
115.23586124373621
125.73496172222893
118.1458279657793
117.63480881080527
95.59616640674088
110.32224498595355
111.28444572614657
90.34206241024822
92.04415985821018
91.98343793028235
96.18974502465342
110.08215352044333
119.73786117572455
112.1201349287335
107.30979318631593
102.36079353167172
105.47983809438794
94.4611943416419
104.43072516446999
87.30798046302736
92.86755797260983
87.20020530342389
100.22885336685006
76.94955853913766
71.25128147948153
73.79344942824643
70.1342128074976
75.12938328533771
77.39486287822102
87.47447921841471
83.1719898763251
67.3436885873345
94.46754255172
99.3464916140942
90.81995793461452
99.11051198872529
93.60510663380109
102.12494838708807
95.21987436628675
89.78553805281982
87.82452970703079
83.2493495141376
95.38485147825128
92.20147521386497
84.75744429336366
114.0969370094013
109.55357230053498
122.37683608187965
131.11361639499626
148.42280700981848
126.28915853059793
128.5272085478381
122.52321547828592
115.10593913068143
127.5851545554882
133.49281227394363
134.08601197975116
141.75904360329685
147.83247476548365
130.08685378731334
120.08261690388417
117.40028424958987
108.0943850116141
125.03122956993226
131.05247979614091
128.50287101545547
115.77832334933474
130.05332097017805
107.49228653109903
130.61358129124721
130.3921881258948
97.45791421319424
100.6535512578555
101.20872756829165
96.042436865956
92.71955843390316
78.01053542010096
74.95330716901302
73.29096157243029
74.08234009658653
80.88926892196581
65.80896327417837
85.46987283156835
77.89805174623801
82.00198911702152
88.51314191368289
103.17831986732693
119.89117370459843
115.06642311608228
125.56611057445353
120.66463460924398
105.9939266790699
101.68966611842029
112.17583806408501
112.67229203193207
105.32572748265093
107.1974543127744
120.79201708839706
127.60027733847359
116.89435971446991
100.00389955906327
100.44164941834515
103.32434234227871
92.81623774761722
114.47377024668448
112.1375124160164
114.17819787901203
116.30064625058895
116.89457151552563
86.75189956813361
89.33611863515313
102.62219187173031
101.80669934439501
92.86100924977876
93.91072801044382
52.83526161526899
75.69439943774836
65.51398121811047
84.29039476789434
45.44286864388796
72.6627090997995
67.39674797798924
74.70033490982742
74.26937554265731
87.24386651532276
76.78085515059495
91.11952516164192
74.42645714591885
76.92917965592741
73.53080510425214
56.20826979950819
71.7501827212619
58.60274596198808
81.64437745464369
79.59932336750772
85.94091366391979
89.02152971105669
96.97920479865824
86.86848475031287
83.69062046448681
87.47709875882852
97.38524765312062
113.18405785225737
94.36787610973722
112.66438385774624
106.13355720960726
74.28539925754087
103.62762347816505
79.11128690602273
85.64123433014477
85.60768658767357
88.75649013593234
86.91155012463481
78.15878600674382
82.9120970752552
63.870645668343414
84.40780710294693
74.95412970761711
85.37146375137301
69.22889424808284
79.04864251117594
69.55153579958385
81.52170954726448
74.33806568031517
62.46734992618866
66.96318900941124
90.30098204144355
64.41222095216683
78.33970600953555
90.67889725174302
92.08337393281829
87.48333412151082
84.8197958021574
89.41931329886488
78.74980999919293
92.01267500588543
93.39792012787154
93.41870567826028
86.7150832705126
97.30530481737976
94.87847659189379
99.34079786416463
102.21278548403124
97.36369580352911
108.15298878895213
107.93514561346129
102.67613388434872
88.48621953969017
98.20558259550855
84.77658781427313
100.21433751010693
99.91228088981455
93.79424829403828
87.87657810246156
88.1688212807871
81.48154872125747
92.88005426435627
76.31262507699783
95.6667154311723
107.8129404005075
94.16627249888663
96.09043100420132
72.82816956792303
84.37253941962375
98.99924099363588
77.89033376433858
89.68028338159526
62.70483428137295
86.85904920882518
75.7334757151282
101.03196630412867
75.78936604241603
70.66344150091379
73.80713499247254
81.21749941467807
89.94551863102049
79.0400578046422
89.08546447129338
86.05446932651259
87.71363987157119
84.77017375364325
82.14953115075085
72.5972002622151
74.83073428334409
67.19402510023303
59.238984783414516
61.14357330035758
66.04904675221994
66.21589082960857
77.22373208562816
74.9334258831123
91.20022820292706
67.81474682740377
72.70142359910358
65.27090376697956
62.2952980664001
78.27688513019038
62.17680139445101
78.34261684465227
78.43854116514643
87.26531827516072
96.36443744283923
101.77493517833094
99.81988007129219
118.51284807263595
103.75624064459818
100.86137428452517
107.26139757111834
81.82323905988346
94.89967904971199
90.30905068896011
89.86324667902724
97.08453905705836
79.39442380337977
73.97101819726319
88.40872520300046
88.18742324662087
78.76729770604433
81.13683628626355
71.8729321115611
58.96992513485871
75.84771052259184
87.64310286297206
92.79769561532055
91.90542264978379
82.54485404099294
92.53239434583594
94.4531291559463
95.1367736775444
91.33303747548071
96.95018057120431
101.21678969160537
101.93613975604246
101.89130360805552
105.2993350706385
98.03053470944761
90.17221847979852
111.86472898557756
100.45811706745313
115.72545941247617
106.05974844992674
90.92118760725317
106.6890637923863
79.451263204524
91.0775185333202
112.55511535856908
100.98431801678102
101.01489839083341
111.99448601106904
111.63560518612549
127.2028373860764
111.64120746595188
127.6245884437421
128.54423059337603
115.2988735471952
91.18092605864176
119.0202904416364
106.15250485711968
104.54272183598539
100.0056530139513
98.90664364203597
106.31958818994968
87.79415539151559
91.49619932524371
104.78828712995454
107.03652672156436
96.9522265861915
105.526827023766
101.54123950239352
114.87506252740982
102.42379098022244
108.74418830117114
73.46726809780301
76.99014708587033
61.89361905543775
73.0839543338726
56.16869094357184
77.97574601505215
73.15509318636917
90.61122808841095
95.14080752812143
92.01404137234724
100.03125290933525
98.2433776114429
93.32921843285749
104.30018373585422
109.3945040285615
118.01405813721081
103.07574301755689
100.13384972164036
111.52833736527612
131.98513300013465
117.86871719544932
127.18151830337627
126.20229304754778
122.67193251971457
125.53186098333026
121.01439415533176
130.25053343181247
130.6782822857976
149.71131029994476
152.13157449345107
155.64962323091814
146.01347889159996
139.26950084125926
138.7166923020934
141.65160034676975
139.39351281193555
125.64435734622526
129.77900048648502
135.7991167269591
141.71939262193843
148.79482227407917
119.98722089035601
119.02229591665201
99.45606899431432
110.75061832497835
96.07146676112505
112.61065416993195
110.18596169449064
106.09306965492291
120.42860719218643
110.64430224013618
123.96936272909764
112.05422966742636
117.64722607013412
116.32276910002354
102.57450064382219
86.45039823400263
91.19589691616643
105.70808564164481
95.65093824917132
88.399246209843
73.80615535058531
75.93434503815782
89.87378265021397
75.65300817897034
91.74631242958021
82.8936346668278
68.74959417130648
65.62635379984447
68.02233275947349
53.21016089016911
72.67569297643438
51.76719006626347
64.42340832061322
47.78840411731555
63.4978879667128
76.86950165567896
83.77549234435921
89.06618968491196
92.62705717097809
100.91388952075924
90.89337939169275
89.31369893357325
71.9424608650307
79.12529218595792
81.71334581640724
68.54977172398526
68.93088698839234
60.77332428426283
88.19026593775806
84.77374524156254
68.20389590209334
85.62370445262248
95.64560349275389
98.02133021425526
109.07797555398197
117.31055044660064
119.50084777392242
127.44083442103017
106.1464121190369
96.70351525287322
93.86400233713975
113.83600469035535
100.26714973390075
93.64357189341055
93.18235401233807
95.64232394909637
107.07128782564806
115.25093208107225
121.032885217289
110.33012581475968
110.88187871363336
94.97262593938768
88.43750405923831
103.38660236162332
90.64879404186792
117.0394868287836
100.77487345669894
106.01568132684898
106.94675325218209
103.21072493157175
113.01024555702611
116.90689364745838
97.08211574098007
77.63753198907872
62.80101730538192
56.87001942696181
62.36891394051934
62.27522466879911
80.29729396683287
67.66834878593274
92.52697555105009
83.91019386835964
90.63373208151982
97.12155057725995
107.0412156734603
108.81806433174303
104.7216719849021
115.04653257791239
110.56282181264221
107.79501108699412
82.38624793179291
105.1835987668585
86.26027741171606
82.51340374558198
84.30041925029846
87.23612324730446
89.06142705687756
76.23205801968784
90.79382225130041
74.16239002210719
82.76466458348116
66.15068863846464
59.677442450070835
70.9163881872797
71.58036222831849
81.6196747172108
97.79929110519211
88.99674968928507
108.46968279882473
93.69278817675865
96.93700892457301
73.6935309883528
90.44497938264513
79.96614348395069
101.06121085067973
94.84263416992192
91.04100268183907
76.28187333611878
113.22218886434548
92.60473206383516
94.72701618038667
94.79922925471182
89.793841551658
92.6941441938045
87.80315215760469
72.41576179900657
72.42420194955666
58.555859802560136
60.283557514742995
86.18611346265524
56.591813346986285
70.7034174946324
63.34586245367392
63.6065889827027
68.61218143084311
70.84720880762127
71.07516063358533
65.05486840238508
65.18406932191371
74.95840031549787
84.084285900308
89.71389058671468
73.96041183723747
63.78660773910827
68.38734227809879
73.41547097646485
72.65722870222433
61.78719527099543
62.04717858465291
72.61412961030966
62.34191775631586
87.5587592668276
83.97832949526568
78.45874696234904
59.20717858760189
69.84126402113307
78.07815531378296
78.47969626709423
67.416076042121
74.51927051495748
75.01969527196422
66.80440674462311
86.86053918015962
77.06238738114978
81.26927902466579
62.09975505095113
57.78555135895532
55.560492090916114
70.20915811796634
77.8831113027668
68.70820550566599
74.54308279883426
75.74022550041633
67.26445993743484
84.83281574976931
108.12670267983549
103.65438944972406
106.23816098569647
112.79011104263773
99.32163324225867
106.51149498320959
121.03427570413562
143.52368487786916
109.57852012494827
126.98226494405003
119.24022706972545
128.10935299417787
141.866271214383
150.75348588558157
145.29396687373574
151.60896083277208
128.79689423797046
147.62443641927067
138.7959582737736
144.9193531159526
123.02197415021274
126.24448620423333
101.55281449532615
109.75365077084105
97.74544106060044
113.07251148801082
103.0374534452635
103.67051785780639
103.4826592454714
99.94757734124494
108.50613142478616
98.95863941069608
94.89276801247989
103.38642833433197
87.51663695308225
96.35511122108504
71.52688727165194
96.26444398565545
75.33058056320499
85.74679815284321
90.00253250861472
87.42101948001951
107.10281600809034
109.26494712709116
98.29897935464346
104.55065476505649
108.93598079171166
107.44221228627404
91.17097970616094
114.35538361889013
107.44825913001857
118.28729252112069
120.20004118280565
114.19423075904393
109.07543440599258
114.51574356912708
107.66274502105773
131.8503755303903
116.85703789345666
109.29412828836209
122.05252779566983
108.00152001153835
114.58176019134429
106.00920942648163
109.91056567075734
123.54600972968713
125.85120889477619
103.80649127575762
137.8153797027502
114.52942629153588
115.75559454599467
92.39788848910534
105.39525677465873
94.60106789747499
122.14460098625344
109.29105464364551
119.31462919941815
119.0883909166522
124.19325629249714
144.25451411108168
149.70323989916764
144.53010657605438
156.47260351018863
137.6529834950425
143.54043093660476
138.23272587200745
149.13599455822558
119.38447889722218
125.77156434817468
119.53541025459263
120.79472085725139
85.46869464584822
98.04405241309237
90.94340277464849
115.7684737112869
90.21672689756778
97.71675862166363
101.25258119702588
88.09916670476461
98.50436974300665
104.84045473654967
115.29401368853728
118.55591804975452
99.90325143923744
95.64830348265278
109.68872776187008
101.78519413083123
102.99139969682524
114.38519500344822
120.80661687471236
109.97710526104908
133.77573003204932
129.86229422221697
127.05094449765564
122.06324029283206
108.21793682623183
109.7878884099204
104.10366479995683
98.19914143930177
98.3280024742598
102.4447692294917
104.15662578727319
102.71538078128833
89.8993211290342
95.01653748047723
99.31502149094776
116.56293237370946
112.4363961384351
127.20467284433181
119.48809371885945
129.83732328066117
135.06872506497106
140.37381210779316
139.9764459480829
117.37211667827124
123.82959003595626
99.2345026311818
119.65383707175023
106.01803263424362
110.87736430410145
104.0758885356929
91.55613484860733
81.503080418646
101.30738835815922
101.4204607644934
98.70132012204037
108.47915038001076
110.104287953852
103.77359157900447
97.51343027897387
113.07747832001219
117.73975269202782
125.66352805547463
111.58900956777235
99.8613900139039
90.70574463414134
82.57782402905728
86.12237070803167
78.76580285389971
83.56085235065575
99.16671723297472
81.04891843706929
107.20527423497549
96.58305526089552
83.78312949291966
77.80076755646729
70.2360988510732
92.64022763723227
73.77977243839591
80.7591122043379
76.77991760220704
87.94959297860392
101.68900541984529
101.97511851789245
109.91302278015996
96.00624941481404
102.83735721723133
114.96080331261733
99.11322276326636
95.33022977951005
110.12169377412101
95.34296859554031
94.11706084944235
103.83575523319489
89.74824297466571
87.97315514363864
74.92989673704798
104.2565713325481
102.82900045404735
104.44842076205813
97.47374215276854
97.8922064569968
72.49605633417045
78.08756802101826
92.41295354041719
80.37855828617644
84.18239655733883
77.87035765000317
82.94698568128295
90.94014769715615
88.71841220159173
87.51463956822758
108.18142279426064
93.57066083573719
93.35647076425427
103.97154184623905
79.70584815115902
89.46146674522089
96.04078856789754
89.3495727455537
105.61874170066575
128.14607702242049
121.29710462257007
135.5514246594272
121.20345176507595
136.29573104861035
114.38187632622072
119.39904968894662
125.28505593852536
109.8605043899065
134.344178270702
110.41647057778746
105.85869160828298
112.91876512832908
110.51005946215496
115.58312051544631
98.57490763311745
108.30769566398006
96.24078519292952
112.79031495710822
99.28274926462637
102.34718056147004
91.72196724368303
100.51839615954421
93.15141471516566
103.6912981054227
109.44801048011034
95.55099746955034
105.00413724858103
98.37568053360474
109.75330418810194
101.4503920441247
75.67690674428975
74.62105672299704
108.80033041015884
95.93884227882316
111.81790504433033
115.79078483177473
113.14650489794317
130.75897285571185
118.40870009644907
124.94124409717098
127.01378951760752
106.89712191103747
106.11440628828944
126.32761229604063
121.65088061676761
120.66888781600878
127.54140672747073
131.3851913218128
135.72576893869274
149.49019929141951
148.37093139107444
146.69946260468717
147.82624538591998
149.42164947400158
140.51864481540653
130.12783215991772
145.7652728263395
129.39088747759664
127.40031034501216
130.3555796590678
132.92308728879166
132.39897215324942
114.48675611016216
131.620725496264
121.37631887015468
146.83092440893523
115.10500643274854
111.17200158352527
123.07638421261682
114.63946270684309
121.63717585736298
146.0805397714333
138.79208584212827
134.4258035197447
145.19403666290822
125.25898305040356
127.74296248629796
127.13776608095023
123.37281878875044
122.41595326002435
113.75400479760168
91.33695154682857
100.53733627995756
117.7317790505959
113.97976095727189
99.16285911510886
115.73811269710446
118.13962143044998
129.8851981899802
119.53793046457636
104.85970700943554
112.31715805393742
111.34241395563846
108.70412532206878
97.61319326359508
116.48259761074601
119.4936722529489
121.56069657030152
112.31754204053006
128.21737757200276
117.0611333790238
104.38067149229425
133.78218339266843
108.54283108713597
134.35253692108498
130.15786042191485
124.08499784500188
130.08196019087077
111.39718846647416
106.80662799097175
100.34361624220405
102.14404417783956
92.87261260403065
92.4440928111229
82.91067600812497
64.70715055692911
84.39709929959128
75.62031794655576
79.12645922062225
71.77368149655446
76.22474775715204
85.89340244524273
86.3671943958275
89.76257079399461
87.12781228018679
95.04046050291457
85.15650003082422
89.83082319702362
87.51292765169202
87.5552605940996
82.1600288533966
100.84254114434235
100.81182749276857
94.67932391983085
96.35923358005216
85.09655662684916
90.40278408332622
88.11685411292562
86.11446894421313
97.63818744895701
78.71559591147887
85.33890649613616
76.89535717035514
93.39230200249266
74.84050546946992
79.04408999418041
76.18856700388794
77.76917087231065
77.80541887534466
77.34882788745627
98.67190793932285
90.57575800442244
92.97421530964645
86.91136550946885
119.36423765370506
90.18161812314014
121.76165600046522
118.54505563807501
97.45385468754111
117.99146428193872
113.144187408511
112.54188164418512
116.41955820383863
105.45825404178922
106.1368664053934
100.61096972554401
109.19832161566917
91.59600909262073
119.48403378966418
128.33732221006633
117.86618937222998
113.95319733414968
111.58245508194952
107.84967515655742
101.71367505112006
124.12947956651129
96.17957055089047
114.06719719361335
101.29335036262366
113.50975632334156
106.3041248111029
123.70087911126991
108.46696009123146
113.78061863727004
102.41474043618082
94.32368391964047
102.7624031284035
108.50398080889
88.42365311516551
85.45838928191131
84.5153008945851
85.80609071558379
60.61882402107952
88.79269890507003
78.20006777160782
91.06754687132985
85.33084688888958
100.95371741497252
109.17306740716162
98.57999220561429
97.00181800118234
111.47884229467326
98.40833276766469
106.17726512591533
105.73725823117087
110.15452932004811
105.61436789794968
109.55291619945417
129.57560403848683
110.39992810428701
115.4353391469856
131.68933729942438
130.03272430242293
156.3836757470889
139.63018620283384
144.66423015288035
134.55283051363142
143.2710718949701
134.46309919535923
132.0077230741611
110.86429547823523
114.1755602826516
109.15706787851582
102.21997486066296
103.05124475171252
108.54558042018301
103.3332407957374
90.07803123416556
102.34191424180433
110.33617993724395
102.92678326571517
92.31992870973134
79.06695461644911
91.09926798308811
93.12868625418535
83.34491271533543
81.39149129060361
75.42841512549192
97.59495590435631
74.89402580275924
76.05716374626743
86.57532798399228
78.25745240822258
104.0973321508294
69.50019975380582
91.84267424124927
88.74821405474773
85.5452607429601
115.74336913032394
90.01322846300616
83.26866365429726
74.44222390522262
75.33159348951231
84.27446904475786
76.8544772899845
80.8459158491707
79.66723557744253
58.554662078732896
65.59120605087821
61.37421276702328
81.7487364918556
74.60363905641965
88.90370812274928
93.63952767415473
97.02889003406474
94.89477556599175
95.50922838826628
96.70908537121797
102.5360757818219
108.38762055791271
101.57667095696175
122.81036718214202
118.47094973440822
100.13147703534676
104.13901255395854
99.37149194549862
93.46990036615826
114.58063483395634
111.60484324604391
100.61892047574518
92.88725491809686
105.98287690826098
99.95769947370319
95.77584257062058
95.06239965133621
101.54010642925807
87.21839282892049
80.2779871271783
87.72739185707648
116.6247136747021
106.64473228478153
111.44167733591232
98.53040249091701
113.48974764505029
105.67134946134962
116.13500426538818
105.02292517972134
131.679047840169
121.91704751093735
120.99458983545156
120.2727726840414
112.15331913377588
116.61305496743525
113.66425883915629
114.52180278138665
120.8768268167068
109.12326116759134
129.30547140925032
121.30334914640403
100.52316069623848
100.1037986437117
83.62316745216435
92.53752359638523
86.70764036330436
98.00688644572584
91.04372756631969
102.37593797159778
93.8174669487744
105.49579656799527
92.20571511535384
102.37426700535023
95.70255118066211
78.51580468819591
65.26727063498862
107.37396344412585
58.79616313812319
78.41731948583937
70.48181272949394
71.56206805846465
97.66865779913232
95.91062809127227
108.63611293749157
123.98816005646302
122.21140102666345
110.78453233046939
104.2561243404466
123.67870612030012
111.4248269951934
96.20324916043202
115.71713357313868
115.16644124404563
113.29216034421648
103.38631922749977
106.40874200277275
99.78221255503243
92.54092475124412
89.26709689570419
107.16849621693652
83.97065581865222
99.56512778130781
121.3671733886387
100.0537588287335
113.78417598688266
94.89514288375328
105.2561285410699
102.04426323258238
118.0904193087345
113.01723791958365
109.1622945201144
99.78552006577522
104.6576702186454
95.80946618054092
102.16762395160838
128.93415927410962
126.80877966435803
144.45632780630518
146.18157537662785
134.21728228492756
143.11356647200446
116.96650260715104
126.18626194393211
127.40391563629855
115.78392128588176
116.94836239463075
106.45998375460147
109.40074838907185
92.3035584839744
107.0022607346223
91.35771629696461
111.33639710579406
104.39190666179184
88.32955290144217
79.63871013658711
89.23973807626656
84.70879867624988
91.58717682598422
92.46428537795029
81.07831433585412
78.17459446028212
61.70920096743174
74.2170771186376
62.69892985688382
57.36756742944194
48.865906000796954
50.263527353692666
48.6994132589974
70.22366888377027
69.51388245762968
85.34801778884699
77.33124949829609
72.37885636848519
81.0969847967012
50.925029902690184
67.51408122546678
73.29532812750827
82.46950071919123
62.047853369729694
67.83871690203412
79.32292386037605
84.86715163759851
98.46867349824242
88.21200702694847
115.80529002570879
110.7896242412435
110.57796994452328
117.40294538526487
96.41717582351697
103.57223606121923
102.53166240117802
120.4105135236955
105.52105781236276
134.8321892434648
121.21806665370826
106.41651893974394
119.89383738474038
89.40010701284581
102.32791001170598
110.1615451114032
109.2377865387984
91.36417865288365
83.79633523235152
66.71361453908558
71.48039722070652
69.45081109274192
77.80669841629059
97.35694315353385
82.57420921996196
104.77990539022738
98.36114863155275
89.07584829122787
83.86274838482004
90.61925191883378
91.57309589572306
105.87250212577173
94.96877167538386
103.20391339745647
89.424828955922
123.79694614509881
103.66669502088216
129.35990899866403
123.56166225351505
121.39621335236686
113.24092801826825
124.88718549712357
125.66093195595577
123.67103357739481
107.53665406091899
104.33215790856777
107.34349369550485
96.54800347833728
93.1974513420085
93.1325879937027
74.29187772528267
84.92290137246702
82.53561641878791
82.38205855967203
95.34660341904741
106.19160031009878
88.44067786560058
94.91773504163656
85.24421840340685
94.58080615202576
88.33284078726807
87.04869993166857
76.16370394568065
97.25155326746147
94.76025847221656
103.48230484732045
89.66922244673191
77.36018123402593
93.71569006320107
100.98283087596377
102.61617085493194
98.3044631638433
103.8101349315844
67.5042824155126
81.36939351934436
87.64135044545324
97.89560314711602
82.79025197241658
105.93336124099298
105.3586840403655
98.33632537838584
102.92829442625339
107.09425069294954
113.87724147334126
98.06888499966213
94.18720418002077
112.81529474002363
126.65855527321591
128.0776368713315
132.10742031198393
126.2888732435684
136.12170605012193
126.88656363785002
111.44911392374127
115.38963494737207
110.79705727451903
109.10976939446317
110.06710729211682
108.48521605615066
88.16657805750809
93.36533383913499
93.3834757238684
80.88508046139692
87.99578261266568
103.57815861283586
88.86631045425256
103.98969885557058
99.33585757240992
85.98554862258942
87.17921551200483
63.88417599121485
87.70273659306044
67.34899721112963
80.37541977432745
97.57055096534793
96.62152826285453
86.25345860817396
96.45019196045422
84.4959886583521
77.02574146333346
86.80128804678681
88.33417104484872
92.1320789948969
92.6850797049613
100.38421293689795
96.66211744266855
99.55033312504557
120.69506400151076
111.95266578386745
132.03826290287188
97.3296973754503
91.64384137720165
102.01922015262376
103.46521240581637
105.96461363907629
102.17821730636012
100.04499822097087
109.50060130871222
117.574595345269
111.09542833908955
107.62597057283686
105.63708041572927
117.63772003120532
99.61171261744133
102.99520009391382
98.64012349203306
86.83446109169448
75.62069514560335
90.23520227609544
78.33632693760438
91.29872136651676
73.53279884356427
86.57672563210531
76.0666649056834
82.21732705753938
99.2006904543953
98.17512359854842
105.56057127139809
120.10390791241957
111.36850570286293
112.93955230918351
109.6685699869637
106.41467602876568
105.22550185266981
92.4759839566297
86.44446429047761
81.14034669205675
94.67713858768929
94.80299470276904
88.79509438780322
99.98571253278612
94.35391421134847
98.59006913301747
100.11802679820914
95.44499789372865
115.61532800654113
116.31665858738407
114.60410869130882
109.9268312261354
129.97879859555076
123.05258643030507
117.04526830764834
113.79738913392337
130.7626567149277
124.42325270332951
131.51152543979975
127.55754656680976
133.39230471002065
108.74610128004387
127.35232545217762
141.38771704385
135.56504345913643
140.83495530153846
126.34540339906627
114.91391663943318
134.1869733990705
128.2656755603524
127.80357783719846
126.6940646250693
115.35381501603567
103.95649527092274
111.62350161765052
96.25737654969932
94.17194837050603
90.65673307571613
108.53626122339477
91.295233177586
88.34736888895843
81.15615420277355
76.41419089980789
82.35465619694881
71.78879784539875
72.21560977575623
78.4449469454051
72.3134446766873
58.29830343542743
89.01098729066287
79.7178206808033
90.82176412837006
89.49578887472781
101.33967056638059
116.72677685239826
118.55790549238083
125.2689372449891
135.3686669219837
110.66156080343917
122.23891815641264
108.68755587716569
130.67020379504197
105.59866281439552
112.9121837627694
95.08761566462806
104.67512337535912
113.30379586108154
127.9393161155092
122.90846557379409
100.29670490871811
113.74022651569446
106.05475303871718
116.30570870734066
120.79636984406294
130.66936691246113
120.52437134254049
126.21757647318337
115.82645843260946
111.43633216723777
128.6098492253632
146.83520595935897
145.58876398923636
134.07422184216
120.0949827900022
108.75309459423036
126.2568491218138
133.126961842095
103.47544459625723
107.26760924797175
124.9779827399991
106.83498164535986
102.87971514196953
116.37649488078596
112.30332241477456
107.60747368065334
102.5929861537579
110.82020143602674
100.2551775148465
96.6420099700197
97.68356647260302
107.67357872500058
97.31860727629797
95.56053073421755
84.02021995786144
109.42680473320095
108.1437771267763
118.81664567870538
103.64545813945806
113.54342892873518
108.65595140947433
116.4738838468
117.95818183591751
97.00922274442156
108.17018158043743
110.5571304432494
101.79104622315296
84.5188776853912
103.4596276349408
99.13177618293987
82.78293789117126
81.59885667729523
80.51359567798255
85.42162414066284
105.15069703014198
80.14783311146456
66.88259136073073
80.03395014142254
94.32737370809527
96.55788762587134
91.59814887575155
91.24772152413699
76.80974594679299
76.91574878884445
77.07848614400702
87.84460180890106
88.42194258702935
88.38428194081757
94.88532019870985
110.47561836378861
100.83341822395963
94.5547006660963
73.82080171415639
92.10121364119226
77.74810067507809
92.07831353402061
92.59578355630576
84.87855581936346
96.54026911776452
106.42034050935368
87.71345375085953
73.16968580145888
68.39536412207866
63.94932116389957
74.78424249626977
75.04785945176523
82.84858699965962
78.11163232862276
102.79213414143238
93.74690294917845
90.74791042481903
98.08709063672343
95.8445839628119
112.5508446109868
101.9494711725187
106.24401024323564
94.00814271592304
113.64352015790826
97.14919334477248
113.96437795612944
120.47271905619539
132.4070797146904
111.04943083512931
120.95800713579854
117.01612644902325
113.95119076546982
119.56079004159275
114.73361337624505
111.82712547198433
115.02355947233951
122.85086267236036
119.32565693640986
132.26614658696658
129.70977133151032
107.6076255061316
128.26620540983015
106.83547206591372
130.06089438903155
124.85582586044634
136.69740129432847
133.0557301182693
117.55234006125859
106.48565959676377
100.42850162027935
85.88985083454642
100.9492746077242
106.1567492837158
131.16480210867687
120.18741021660742
103.1050336534019
97.27166873040258
107.64546344390423
101.80185518972023
118.46395744594955
125.1240097433256
115.62339533191029
108.48716796412052
119.03189744095434
115.27051267051503
115.59494877824952
105.61918585332054
88.66060843916532
93.82568349520545
76.90592567095622
89.37655309603252
76.09971761895973
103.90857786103449
99.91038024769897
107.49570878630661
115.05935303278608
115.24552167813516
113.56624268823435
94.12499946368442
120.03522774552059
118.32962556217139
149.39539233233992
134.98587137258113
134.0777093027631
124.92330021175398
126.13216176068994
117.94995682694412
117.93408469877046
106.43771325768334
118.90983675889368
111.53033218555424
108.29497025922961
102.84787070964506
94.25668495302375
105.23706523480897
96.83493709764205
102.97707317223943
105.50220247839496
99.1374082015715
103.79753227951277
95.31035856846209
113.83542920925966
99.82931485192748
124.14920678204905
109.18173962950429
112.90100230764943
108.21032691778613
122.17678473020607
122.10652557218246
127.94786661880455
99.7087062545339
106.81244833623069
110.70834916625948
113.37583519981084
137.2586011818454
134.22901538901198
134.95638733388128
131.39519635079188
116.84068621662114
128.2049893813935
124.46078196051907
115.90425846230109
129.0339312394117
100.2330716139342
107.68033666101786
98.83269269794064
103.72083353448878
89.01241347345031
91.34333897143352
73.49245523506251
82.39164585762819
86.80867863717643
82.43166468409014
89.11870508927132
93.2433073735813
100.08264359646563
91.70239275843157
80.99772964471713
86.99411214840633
83.68525608345291
80.35683467153454
71.33981048552222
77.35350150609518
73.6902385510612
62.13895475612598
75.98438503362688
83.81294715148539
85.57829833801597
95.72447661607107
119.29659079957337
102.94001497912663
110.6280634729982
106.57785627765256
106.94652597560727
96.76678367032218
94.82963195460734
87.80398711326079
98.70419387414381
80.54069426052594
78.50370417511417
91.18891532716347
96.24919775129526
102.81201345653415
101.45613498706817
95.64816448810807
117.2169182461956
104.50368228447843
85.06573338080767
96.0149767233103
99.94794168721104
96.54116015073501
111.88656289616802
93.76853163037225
104.44938176809538
100.16050311559762
100.423255590835
93.06875260302604
77.3429963741549
71.61267727977514
88.67068569315774
92.8656166434219
90.97037212980968
90.80757868112725
106.38289193425837
101.84587264818575
103.81224600430357
111.59986191329942
109.54980088471223
99.14200183661089
88.00518029127821
101.12427985522174
112.80405277271467
85.36102342560025
89.7175442017792
74.17150514573055
95.67803840353935
92.25740004992616
96.06071802099841
110.42505740247341
109.87518717131043
98.81133611887958
120.91086001551372
113.72580124840177
96.32117997032942
81.66358618877628
100.36452080983919
82.02491954726034
96.41289156820262
99.766709262074
88.52724655043883
85.46717744270822
88.696006956782
99.6494430088531
99.43264792595491
86.0855415883841
98.51726305077078
86.58289600480802
84.76231929438119
80.8010486776441
91.81639915287188
89.4494474945665
83.15237687954894
74.69070762256244
64.94391036186168
50.39815273285549
71.60604134827544
68.40092200207319
82.99828696890866
89.69362037762998
74.00481147765967
78.16682577706484
86.14582600389632
102.74712914158297
91.13947911037457
97.13148018453
98.24686568744887
109.15177577265185
98.78785406043785
108.80068718749422
120.71930492722385
124.5509562371268
119.6321055498451
118.89519679935167
119.5606002249625
118.14452536569634
122.56683941882763
108.85797857057267
126.0010120582903
121.0588919916911
134.1976172705252
147.3852169849648
133.29623217198935
139.81703449225228
122.62118745593403
115.59356518686161
115.74014814287594
112.71485197220946
98.82284332797269
101.43201233561712
101.25784128494135
99.73599416591199
80.31581731035294
87.90867756662054
76.04081909130811
68.47329485612828
81.71883731218641
90.23921503176635
94.97306202400223
100.61577854610874
84.30798012836443
101.40768686580255
73.17472140591688
77.6986393973053
74.53752038990514
90.67723396600768
77.10937807279007
100.34083589531193
74.2181544860187
90.31500241222636
86.27085921689567
87.03011976852963
96.32642056671837
76.87089048697099
75.57904065891083
76.85582426138092
53.2130599365761
68.49466877448748
89.27292884436129
86.4765106319094
112.24442311356538
121.67995726204158
104.86910291221491
111.48993813868806
92.4616080852382
102.8044267507053
102.31667183307138
108.37407992970566
114.44531064377081
96.96036475611723
93.67417457628714
74.5957027677875
88.03749519170702
84.61222364647759
73.25495506270805
83.02286372663853
90.0352416518466
87.89165777558615
92.58361529365453
111.78391728152071
80.25243458510317
78.16210130905372
81.30293138425283
90.25748067898273
48.463914299538494
81.80926122996685
68.77606446678242
79.17364318494127
70.88461735970496
91.85746089970475
104.42474721432978
107.64563423055718
104.92293648386445
109.1537692237577
109.47139179707693
99.6038538965087
105.19639850637358
110.49615370494138
113.11400268286259
115.66102136912299
123.714617435728
106.02987758850033
117.19229336252234
99.5184426234035
105.98134270981981
108.75517978022803
114.52419693221266
118.61821886191822
129.53892088563347
129.07018678625218
114.40978934559936
123.06597640903637
103.09098807062547
95.49055425573059
113.93512217055303
112.54940327558585
113.44107363532963
121.04487770178395
125.02024805578753
111.44690401830468
111.8225339224566
126.89234226637393
109.68083632985189
102.68740421321586
96.16288948626301
93.81706303569007
108.96792699255116
108.05012063883711
96.6458943956793
95.81555324307882
101.72239256197662
108.75764506723992
117.74031021590163
115.00074731455157
111.7114453819411
112.85026135560904
104.01721454899067
105.43093779437231
92.46325340448595
90.56373766441646
82.39496324004865
74.96170592459393
58.118919014464055
64.21407024097988
61.93698100248568
65.30708866897508
68.25715073430622
66.27845223605985
69.54965839654076
58.70468372951226
82.85501895968589
79.30965252511734
68.48456111234785
94.73786811812754
87.99994944390596
66.22870336006108
79.38776527285859
74.24936519898867
80.16041934708112
88.96389620779615
86.71992625635507
94.55365421259924
103.59945457506895
92.21399326611801
98.20701044945774
108.30765863458504
103.56254069413212
114.67481103864067
103.75100135916709
107.3938872928733
121.84551253276265
110.55545934418055
115.67130864177841
103.394581272045
115.71363177341917
102.27336564689382
105.45747531496885
81.50884920329968
103.82329306194235
89.84145605659243
113.37776973060205
96.68213100427508
110.69489301341278
126.36568017920858
137.55729613066512
138.21947580336612
138.26061675043314
133.61621095961914
124.55143416958647
119.76376655186148
125.38715557916258
142.24095708663816
139.3315557651469
139.07326141416473
125.37157915402877
140.6122293289192
134.54508127839503
127.89707488127118
134.7043504299165
137.950122783003
124.12100976807791
139.58868331794127
139.1769291834984
128.38940095065004
120.59473206152123
123.10144439191883
120.3540684012401
116.39207680511703
102.08828971665454
102.51675702494367
96.24988558160203
90.10977982509137
95.21354301037802
93.38387248318033
88.18471368620256
98.80163963819416
84.42012160262014
98.84307432306368
101.31791894047896
97.22934405393288
110.12094077713232
112.14170211473008
102.69268510409593
104.2200466679177
106.38981961885955
96.77745915510995
118.15124911413704
121.31689998965011
122.66209692527484
118.56589872379979
119.7827350447306
112.37049193285857
110.15921394762331
105.76063994507736
102.76467269293275
106.41666697950157
94.1475575915733
76.36531419383068
83.68350811470695
64.25937540490219
74.93107124405131
62.86212059178321
69.9618740057135
63.58318329967829
63.408014910913714
76.7013625714829
74.02932815668612
63.74343206038996
65.32817424445862
88.98574637678465
77.31308147638194
82.7303442212587
97.13425983593126
109.68325942261951
114.43296826497256
96.9679806679525
75.51269553986509
85.30075118826416
90.3570738898821
61.132895900943886
63.13824439687743
73.0117971218146
80.48505600223763
82.00949435076127
92.01336893691705
83.2306302564077
99.77957652467748
85.075259608299
88.50335795063751
100.90370101915589
114.73214919976922
112.38490756146935
110.5089330009327
105.2221608378137
89.20739386334965
112.08795663594708
114.57755554934624
114.26413215958351
100.26983804843384
111.06692923175875
101.06962461508213
114.01483655860476
87.5838487316914
109.44013252684127
101.48668334468454
112.85865639739616
108.31899300356024
111.9581128616178
111.7862078159519
127.71937362132917
136.44841254758794
113.29542271575407
123.35286879446483
107.27924668282984
130.8149205526718
119.1417998122344
125.1600304714385
86.5012183354803
101.02948037157336
105.66540862785783
101.19239466223158
111.24765344179113
112.36004978815775
100.06523374271856
120.49911098049319
116.87287791330215
104.69601882763695
76.93759837816738
91.6546577486058
98.59198009575573
101.91238929694732
117.41787713196717
115.20327113926193
118.41486094493997
141.413388845103
123.14109884973486
109.49822646997869
123.26186661157183
120.64916802313208
116.36102129350553
103.62380767530567
102.97848661506801
126.3206362715616
112.75441164109573
126.76330006794105
123.51176135818086
123.57493417079272
130.3764141079895
134.64493018479573
127.34452429684912
109.39811670152827
116.59670337708934
124.09033377963313
104.36015409506388
113.1478293223364
113.120622088428
108.02447820022861
114.5723574735896
106.63935498499595
116.18113308106021
113.48481019725111
107.24278903717675
100.51411022593966
95.38417679077119
89.25904474599069
92.5824669859491
77.15963483866315
70.40156919599649
59.228815297167344
55.25945364753969
58.37258483709779
80.35753924880413
54.903961448636515
76.4663096364143
68.45936702913076
83.96558549664483
89.38854328693836
109.46065174336246
120.73858633288401
116.59021432075185
125.84130993498788
124.21657340018848
104.55652973965783
85.42922889266455
91.29322688536212
88.9678591240827
83.70448337284007
92.08116181415681
81.78804563758935
84.70964281462383
98.55080209021327
85.91511289912255
78.85947310684286
95.76286868119085
79.25374729341755
89.03249032148344
94.4656761738929
95.6827109636649
90.89271874607421
83.90919446532749
98.28818522935173
106.67323406256476
92.5259338956023
119.19033506800592
122.46053392898622
135.99491777834837
119.32580335628488
107.22465485905511
116.80116012449427
113.32163495318409
105.84949574675217
90.66270580445554
87.34244403214277
101.31709145085544
108.77043655033444
105.3849354214142
90.84386028682165
116.32056393745097
94.25856432959345
104.5346858730762
100.05452485285508
105.80789979781953
106.6054191198932
102.17699119747091
115.46920926010658
119.2887888780725
111.0568528977505
129.4321352724955
139.2943665037414
134.5471506333957
135.22411483912947
122.97330235744103
122.54475491602223
112.78598185502301
132.87259370521897
118.03144370452365
115.25697537906824
103.29459796211226
116.84521062005814
105.59978981722969
94.93901100044162
100.80641113277117
87.72088059370616
90.48201348104935
103.1225956771961
121.6106960362859
105.58936550248167
98.74882068219154
87.35534765291854
101.99362788355714
108.00947558333027
87.45136811598132
91.65041374573602
86.75640862421038
81.67914478669388
94.03449737441109
84.3502021649919
94.6156913349459
87.68589597328514
72.77940823875366
64.40758339390999
86.18005891018353
81.63469010003362
91.44829905182543
77.8316429365314
78.51681614205688
81.88914251397195
65.42544263905228
81.30583784330251
68.84696049540345
89.03134087863326
106.70206835484441
92.40765203755771
94.18091597301395
112.82444817518842
97.82021697897575
104.37739137150513
120.14824723418549
110.36747682888887
107.00632799852622
112.86517557631569
109.3196724096544
83.75547218547223
84.25371960177183
85.53761081505019
86.01302202382934
93.21387360671623
100.33000285797517
108.3533171098364
113.85896147881027
126.61140209035463
105.8684076139971
105.01866401233363
88.4438238822322
85.62734757236927
95.25792755415385
96.3350256215793
98.11392862978965
108.76259686312734
114.79509006086765
91.53217781590226
111.27783888678769
100.4146185442558
109.72238532115192
120.11357827936465
119.02856272642737
114.8116111221754
104.5028390051327
95.57282707486843
88.29066529355597
91.17039971053488
87.78783238910587
72.94381055308831
83.20470636991215
82.84373197456335
80.00767689072956
110.75030768892071
77.56409428756842
82.94445518355158
87.09645328452586
68.24721947958217
63.20000650852517
61.712430489708794
47.86108750820239
47.88886645635571
56.27052308549588
62.19811585736897
78.67828264796631
69.37850658393343
76.42417870095713
79.00119060511686
87.21800746756503
83.72318521067783
81.65066462578343
96.19779143299611
77.00749029513463
44.511572176024934
66.69752485931568
65.05589815039649
69.93342570097228
68.14495991799916
89.23955270353221
80.98191453353783
89.28355983130429
106.79435036593748
101.57455455896081
92.88671379955389
91.25802986620877
92.4755420249412
91.30346951172768
69.44176861595945
81.9454539479533
90.55801620550977
71.22998220629796
78.77369696612344
93.75131871738066
96.53187364218161
104.57746611888972
106.87524903722493
97.37555949169894
99.1067352153361
108.67521150485742
102.06119644074701
99.74227818350262
93.34651620603952
79.41695608468326
89.66929501238353
85.2569672258157
85.54609193150866
80.5614652588106
81.74576256326819
67.62921431245245
80.60202467806423
64.73446061182248
84.47713520137329
95.20145469064909
97.26572217131957
114.47299093209838
102.74279324291031
115.97128876841978
119.7856915327076
125.39396451243678
121.06865432628054
121.11605055328482
126.23200817573657
131.6708762256605
119.02921415531847
126.47809227972337
127.56364010651464
114.10323329559282
112.5010829694514
115.39042099526718
121.98453893098299
125.31031661537087
119.83148110789348
129.56798206476276
128.0207431003049
119.60253625223793
136.96372467683338
132.38375678377207
143.57746246094104
128.7512679902999
116.82566326445775
126.45381521468116
116.37017271112619
113.98645355219077
100.8181970725524
98.4969881918837
114.51528292928914
106.30313912934879
90.02833718397457
99.5487251773593
74.45726418583529
76.41220722502523
63.562796726102796
74.63361498691563
88.22765066706528
79.62296380001341
66.20224423389331
79.16650026289967
90.2390952783226
76.78846282851082
90.86416701457999
81.92545642109228
116.55546734207427
88.5897359883289
92.03397876899346
72.84252749827101
88.1320671020715
91.8027081122209
84.5036088665907
88.56890918666993
80.85315307758202
65.78927137211183
82.23448972511612
82.88675771563243
93.76622049170253
79.32718128073455
88.55033664678356
81.20777491161505
81.74124293296263
87.49984047038976
80.15971669653905
92.39360451245132
78.35516684092595
79.93110324218529
84.53190408214687
113.090091793912
90.03036357678602
128.53281495172587
117.39485668208627
116.69683658902176
93.41076309178932
116.78994104055049
93.59622864225449
99.55243066287974
78.67786377121979
90.6352506278828
99.56786174142128
88.9409161791366
110.38541509902808
106.02202945368553
113.77562448516113
103.57050339994129
117.50965875471502
95.35589048626161
93.8982819165244
106.13737945070109
114.8262798527265
92.82526073540004
91.49979701639238
84.81493175616632
78.15237620483134
70.5421347163308
75.20325433184095
77.11962949244798
88.9967714479153
88.89581060692927
84.29803790099257
95.14011391695148
91.87607387009288
99.49078892511986
84.91276121766948
77.73151160778829
94.67808478339164
88.08901244709112
102.24400766904465
93.51103621239939
121.63094460219594
111.17256854756145
115.37412118355545
121.66805471114294
103.97038409822794
134.43507435967797
131.39229566223526
114.56358285764895
115.98483320787805
100.93296965732392
100.84272141133617
128.87442585545108
121.14710650434982
120.32911024143161
120.00544854367244
116.48429562159248
111.83056002355696
102.851070539069
101.53279104380618
88.53309946953091
98.64729372651448
95.29166687780061
89.3378533574977
86.12509957426451
100.82546072596755
103.09056893965686
75.81526214544951
85.23347400259179
73.51601060698188
77.5725989408839
69.68400209766818
75.63848291984432
92.37653867231153
83.78795382543984
48.33803058806928
64.04155509074108
71.1089279051158
52.536656835326546
78.43222215061996
73.75961748437757
84.1207273554856
65.38565500677382
74.65177068228931
81.95476485260059
99.22748069760792
90.29848781791054
108.96982587036467
91.83319585422753
90.64245055994894
94.53781842516749
107.1846343418996
104.73191594978265
109.3572196826519
101.1213514298629
124.32378480442753
107.62594221364755
100.35401409278099
102.31859524138585
108.24040057066192
113.24513895069286
118.96934749697024
109.64675350385932
96.2747448730185
105.64922525099479
111.91797672828072
133.9003641656135
135.1080637541124
136.15122214007067
130.5034964970696
124.80700798791507
135.86124322731726
136.65231947300737
132.49913135891308
143.44698703719902
139.1414117126005
122.87922508877978
116.82109212149751
126.85598764757435
109.25606387097014
119.15354310172883
104.39460995745428
100.01154123062375
108.02778969479621
101.97416067465724
86.02088356005257
81.45658420366206
102.90731583027478
71.54521841157313
76.60837369107857
72.07201785251411
84.70146819268564
96.9542635382921
107.6879721209139
94.09452191803157
104.70799142351608
105.61720920740127
109.32095485077805
89.40392741759615
90.4322971378401
113.35452100215136
108.76483028285868
114.02082768044082
124.26397458218233
108.26701933387717
118.28464931021892
106.9916560258952
112.93070671125858
119.07954529495736
116.13151388483968
110.02520673768647
110.89817493017887
112.34020072171984
119.6077883255137
116.4490730674446
118.30636889159638
133.54686816079277
114.73603904291548
124.83817453489556
120.11793198200209
107.79935201776674
108.31188289284721
127.565622956559
133.44074783086396
120.54089834584676
137.460227852905
123.2767848731777
138.39060977535377
120.4803744451615
130.12969633235778
102.26786304706586
127.06323198004625
110.37801139471068
94.39660685054346
120.11864429492717
104.7588313430989
94.12246990351635
110.39811986785827
93.45726582641534
114.10913114447564
98.26334608243624
119.34578281701005
100.7016181401644
117.60965851011174
112.55571684224654
123.98850644779284
129.76125831958106
98.12165202368938
113.99842750536911
103.5970804512383
101.80966233524755
105.00788639372209
101.51972009869849
102.99502888598217
114.69152738054434
103.43418591637483
105.74846461431136
114.97247835994808
95.66983315679876
110.76428914290412
105.90550212889549
103.97192590989441
101.5831160525323
106.86760617236507
103.3606900189436
98.02727876926552
112.47169616968928
102.33713630080311
98.99364958643693
117.74259581355616
110.05072226149431
104.82639559596896
121.58244227548087
112.97350084644987
119.98292986447902
93.7533359348258
95.07453812118123
113.55034226404106
127.76744835029133
117.17316409626396
128.05405557005517
128.42745581022254
140.41091811612006
149.420900420228
124.99548264045403
139.33650387181927
123.58423835017746
110.93571297699978
105.72946728969532
109.17633330757768
104.80243600657508
110.95750748860384
82.89252432783391
97.69093227481213
91.31910549619911
89.15399430713538
95.94930800760014
79.00126398626446
81.34738824149669
96.62438466574898
94.37824952773856
94.01131049496679
93.5507018293313
78.38587490435684
80.6339204139135
85.85885533530094
95.2863414440378
98.40291224107031
81.71039340108062
66.69579310018082
81.66975516513219
69.54743633243605
62.81999949086257
78.2759930982092
81.43460742327045
82.93041927518759
83.59395214316059
86.21123737945744
91.0782400249109
69.16801851397794
68.037350640015
74.79695465321252
84.39901336574833
88.99953910978746
88.05341802666973
74.17967230742913
69.06698149171869
80.99006627755517
79.23500845799448
92.78096951574256
82.80903114155191
90.66162686774938
69.94123445463053
84.83811527230702
71.6003289970675
84.0908647153184
96.71072627765155
119.1015628994662
103.09449893993589
106.95521983830055
104.51422948258468
115.10562214072647
128.28236115207497
119.53062961892799
109.79425235264233
94.53243178761021
121.62776924505204
94.16270965805109
91.10616443457583
96.22949276160257
111.23356654894742
101.95333805407371
101.03045724699568
81.95466628843461
87.36549557338428
95.58427227658477
87.6410195828884
73.00263579287773
100.23793584074701
74.03533978448145
84.76606786261812
75.11639416689904
91.00737494063955
82.0496143353789
93.88439210042853
101.04413905768453
108