92.06629310417428
111.66812701168661
97.31788536770449
112.10672076534209
114.65573513926586
118.39185884261647
117.78923379072609
107.6079392539497
119.75166714073532
108.7016083200676
118.00390848385504
112.7986505886663
106.8092104179197
119.21803558013812
128.63862538726727
145.35483421219882
119.85821925858076
137.11881045570755
128.47787591717338
110.99618901651283
116.20576216153316
120.56527667866786
106.4896424178439
119.17830092634526
102.31674394661525
119.54477101053735
120.61882056566097
115.7093162100783
120.522826148765
113.76723418265348
114.20037292645446
120.41008422414134
92.12437704121453
121.17770111493189
91.32771612270503
110.12450472797971
109.7114918083002
99.55910276675371
100.57267715357617
105.86577009787806
98.73590326677919
91.97599127566639
103.06055732042162
97.38794539983411
102.16350722027758
121.79530221951205
118.03952518013125
127.8916407027441
106.68059010613035
120.27440922037891
127.09622443596649
112.47939701685914
122.03145728270823
112.64303083928522
109.75913010731236
93.89833291637581
90.13891004041129
90.25821818665827
103.65075893207322
89.58748284176632
95.77884051964227
91.04580485045449
96.39734007669574
109.9055107927739
87.13561593038361
107.73763747704399
93.8476035483474
115.1204665288275
117.82164611904375
116.60558851368214
124.92485794449462
115.88369209173149
124.73467651617148
114.27171636514257
130.4572196154828
118.65910547391394
99.84458730893363
102.50367113384425
92.44394899923739
80.58444332918917
100.44538333932948
75.20606285194205
82.33469659332184
90.00032233973064
79.42981909954003
83.65368419238371
86.68491693323011
81.19736751778186
88.51247231737302
68.31680963766394
84.78150175556084
70.87085001724176
78.41698196429766
79.71270435477203
75.3129362599027
91.86081976555491
86.06443040098793
98.10509734858448
94.93950251697959
84.66588694472162
100.37489957516226
84.40741283947116
105.9023053687568
107.57063590005325
100.56692413459439
105.36458865510852
92.03107992599413
100.42669731931252
68.84420520974678
99.30971211075723
90.76755717864138
66.38425480632272
71.12562991274879
71.11919266774657
70.51588344696484
71.14876989218686
59.67993859419349
65.83863834038087
72.69642080908136
57.92316218135471
76.43955226226205
67.49289724390451
74.18877648103742
96.11840194913674
84.98092476726946
79.12131440690992
82.4481196084086
80.6691219759409
91.14931093121119
85.75881445962318
86.98092652715178
84.86995782212107
78.72540219121791
83.04783077395459
105.14455946569475
105.47716188900924
112.53889364520435
110.89267254752716
112.59349741898191
112.8154410770905
83.56381008495683
92.17410920228936
102.23924458134056
88.14530884157958
94.87851411438294
97.20259795804162
102.47154051194798
98.4195049628639
97.6343244817308
107.95043784684779
110.60714464611002
125.9775950604276
116.32071990807592
102.56795899330149
108.30563300949726
105.54404922192245
116.34945641928255
106.17575678639642
102.89537044564563
96.56708727506555
112.76734500928023
107.93379815110734
98.44848838492939
127.9992024610305
129.5848720768957
145.599935079087
141.85419645345578
117.49134144558988
128.45715239986666
122.28726203282136
106.18620667878523
118.54356029495088
106.71584931255492
113.1665578476441
112.80651107157104
102.95918579158626
100.10752899491075
118.31771647850206
128.55723353206835
116.0847746712189
119.47393931025152
114.2263535774099
93.64105569435313
101.3330365724793
121.58198217249429
103.33535343538995
119.89529930596274
123.04320558006623
120.1271399618459
102.66572681823291
113.82489370476631
113.90382980024242
102.74309195468271
97.51040493193568
88.48189724778456
93.52190556126328
93.05117427437068
89.34739673816446
112.74318232844931
115.9477972722035
106.10408613264747
112.44169629841647
120.78616140417265
101.11001123537929
118.36491621636642
108.98311672472971
102.30343047826804
108.33702565837828
105.28365624476697
116.61128336174693
109.65831374482457
123.13198466480065
120.26647013880867
130.37175441057767
120.5727585875471
106.16012779354003
119.25231511171145
84.63900109267558
103.3557305570965
100.43496845306504
107.84258999858835
103.37144235406768
96.72355132645123
109.99065285334282
99.34389849050379
98.1167873896278
86.08772967322206
86.3727769224256
86.28564447073066
77.41497236050776
73.7145172991203
76.00024572924656
86.53680673492093
105.82667092037951
102.45837954832547
110.49456634932315
116.2511936095485
97.985267370999
96.37098771144178
93.15392244807842
77.98461819691542
97.65630512687872
89.02724870494748
111.7238058578987
114.28672864494641
125.07542186251004
124.07046677981535
127.69650632777177
124.9074827607549
113.41733466340645
133.45558429612382
130.2212524933612
130.5173268912158
117.18139741499661
108.16734987398769
112.358590349786
105.63749488101516
112.76984451300714
108.38922245585616
142.24387666972055
125.65577615620438
146.89379630143
129.0478558303259
132.52796796015687
142.56796633210513
118.94088397583528
116.10606395775847
105.45111242200247
101.53576096522019
90.28184894171665
100.39367077994643
93.37941258514581
89.08636251763527
86.0515970030379
88.30848500399762
71.04663605033448
88.9478848038984
110.97338698041102
103.30332842571775
143.05746410761137
125.20195465116504
130.2007855826
124.8320137759336
104.0091182174165
110.54619716415178
95.05766623503763
93.78485929651282
88.52596046452112
64.90736913292089
80.54676472445064
69.40519446334427
68.29048531985808
87.75406006674659
81.59894245943678
99.87120918993995
84.10936085195407
100.5604352328044
94.46030702898847
102.27349696025729
109.9483234424857
109.59397586947262
125.36642914073357
102.6629509502151
109.47275588220435
106.9389176246932
106.68401577680984
121.61026416617437
104.527836388649
121.32142561972427
111.32299842303689
110.11725531014892
120.01996365904552
119.21845982574024
136.23348722915034
109.84523823032634
130.30331809493697
126.9950566200931
117.35359736789997
112.30093700049477
106.3146299991987
111.9052750509889
97.91494485372169
127.30478254745265
120.70315856218241
126.65634805749704
128.61691959507897
103.9858610649716
114.21760912498806
101.64801949666222
116.11811305486262
119.36975339970783
106.37792286836842
102.85807950738217
102.98441070089123
88.88065365080442
79.20454341013279
103.32871925397461
100.91003753950517
113.08259001924449
93.13807796571325
124.35258996206514
110.80603803114238
108.21633759351431
105.92850444154473
112.59438210730335
108.07218756161922
114.43344513067257
98.31016466650641
101.87691505293259
121.73955959286988
107.29745188580813
122.21723226604243
109.89637352210445
99.74036852390398
83.79391469299166
84.81937063859733
82.64354783122414
78.13693965569473
82.67312825416735
73.75653714417956
92.78811576947291
96.5437844865892
96.00759944544168
99.23332333369814
88.32140354157426
89.89460787320894
103.02836357028622
96.01324741827355
99.03029310939309
102.45919272690531
86.81486532603118
95.77321405801004
77.95551437617311
66.55091398052993
74.7763808819285
86.6962533407299
89.19186207830631
85.74690914007914
97.94650665797371
109.48374088660788
91.68737890835224
86.40465065476789
101.4976700806871
75.67034660599916
87.30854498537754
96.63421325403414
94.10960089324354
86.62251551405846
112.5987342472753
103.54451482370754
86.20759749622903
88.83094484599721
86.7767920489718
96.46047196137442
93.10960004316368
91.52362539449092
78.51579430791965
76.71970138103855
87.29385938891204
80.03373871999577
82.53243055679201
78.92938939285386
74.37432190876231
84.54584550353377
85.12225876349964
81.22375512356957
91.63347195931325
86.88510217545183
94.21515075000963
79.40698934231145
99.24004003377442
91.61255851653338
92.11496323247948
115.77170389495319
97.76827464912648
116.44467726131472
95.71435476627323
77.41856173431822
100.86561297920596
86.97761880971728
83.84815755632806
81.54525511192057
79.5234772376738
95.75885699312522
92.45418296148108
102.71028883854314
108.36256654498337
114.53681616096065
111.14503328323985
106.8765561571324
94.33020977102231
90.80624456068216
89.14264375443912
91.25208823101102
103.30851618371827
102.59714283176973
95.27021342015766
99.36199237625473
115.46380671314276
100.43607939539291
115.98410232007848
103.67685334812793
92.2795615566035
109.00525085040593
71.86994441709108
92.6218762262649
81.9856878686573
67.66326801297993
83.49476606018615
80.39214465776419
86.16074557841438
95.25880529340361
95.3738028366759
106.18645799791332
103.1953815360572
100.10604939312961
93.99524201443262
94.14153138514055
94.28258688858887
114.51007676942965
109.1394193066412
105.59176282043879
115.83731751312334
104.78186560580903
107.58686503984356
110.42923498110329
106.52166023472336
133.7540223561947
118.66399082601708
141.3229615245331
124.68814979348974
106.5096965610096
116.04146291558712
119.88095154228188
122.36843628026116
105.65412953748094
124.2214131990414
114.09848295140159
108.93194720284399
102.26062357682386
100.35211658708167
80.76344004968249
112.21656427189455
98.31371801457288
101.62508718654442
100.09461840876594
111.23976269015489
124.53733576405457
127.6733021357876
130.02612700737185
125.87323320863356
140.8369344719159
128.58101315877664
140.60713322944835
136.13113889786047
119.59705009038831
131.8538059444029
136.65189049451232
124.9138527889861
140.42453548758655
136.32801191148334
132.02945740488278
123.14679201708725
122.45111194491972
123.5969245652665
106.70941093405787
118.66488255380048
97.72842658398571
105.45471192630444
92.47040290528153
86.03726002115681
83.26451925700194
85.75229199527703
79.92830396269721
85.98470512220092
89.20205019546646
89.9065784904078
91.39698695673962
88.25448856559416
98.39372834886305
85.4770522310115
96.74225578573734
101.16024089446276
91.65701452608278
117.30580846204347
107.83120891249692
103.76192493427104
120.97652775814444
83.41228883879435
85.49634865558126
82.32128782629584
107.49861905621054
90.96019468576502
99.447743344352
91.23479445868581
99.92268177634068
87.81238811961715
101.10641684180368
74.32981148251199
81.48311863284343
98.83643771588908
86.92460489953785
89.41049168780827
80.20795297984958
80.9148397744932
79.78379050145926
77.81827798606537
69.07252917828419
70.29601962729998
66.56191858611552
59.442477253606405
73.31700216373048
81.68618723857591
82.51354837388823
83.56866125313624
67.0980010062049
92.23482584227321
84.21757010220176
82.63639163102576
82.3190524795045
79.63435932630591
68.58934270581297
85.64355969965092
71.00207037153521
77.04115565788096
80.85016968389752
74.682362476301
80.06306600306382
63.44890389985414
84.81247634181743
84.61562642513212
100.5373257612649
98.17780239243393
85.76658936739395
88.43821229008549
82.33309554057809
79.86580918355256
84.44509081837472
90.61585386933203
79.28585154000513
100.7151572098845
89.04064119171898
67.52977490349147
104.20407557150759
112.37888221606667
124.40988330731253
122.18984214108897
132.37308135412144
120.72939619542387
110.33383097500644
110.4086166345144
90.27798414000205
88.8348686768095
89.42468350007493
91.99377508316988
100.6963320769072
115.09993478258488
106.31315088425441
109.42071483571516
116.99629047143975
104.20125653826088
112.83583204046371
100.2013876000893
108.37174237855487
112.85925494529744
118.19225651488117
135.81888078255201
111.51988512719896
125.83642722087384
129.04472595652788
129.22332482665155
123.291991130067
123.10483525078314
146.7766020779186
133.79560514826545
124.99732401846805
116.9835440065803
128.07294097454653
115.91722532895807
131.2360784609838
126.29804533481101
118.73156856825557
110.14112547372389
104.79723460210587
103.76781006877488
107.12259427319214
105.87094604452548
94.36821758880541
109.33286402921797
110.60608885765345
95.98317052156358
119.43110446394962
127.42663447908481
110.039185725561
115.45888274185401
117.22372490852263
118.46790115978075
118.68561132361563
127.19688216312508
120.02053368087167
124.37052004925073
130.66006559254143
126.28491086904276
137.08601167414986
129.81723593392516
129.2754335043962
107.58934249555199
105.69001096252711
116.01166944501
93.87370185541954
76.00887752987767
86.48731283450343
67.59592709907429
65.56557699788851
68.33697910895863
79.7094841548973
71.38199358402603
82.51393197241758
82.82821534881319
95.20933832788532
90.18743090113958
89.07695326862054
87.36181165985742
91.00034912853957
88.19226232881768
101.68068545033316
92.25459069196773
96.62677668590243
85.89878065261513
68.74401218787432
73.92709260172876
64.749497556428
69.49789383550083
74.54200672563002
71.29858666866966
68.11833778198516
65.70098428901025
88.11977392256611
84.16810766753277
99.74832863317627
110.92691482002417
114.22579496642672
108.2068012155923
121.01918933194239
101.72952447899848
118.60684319380991
105.3040486144655
105.66598846317461
101.09969419907259
118.0224635787338
97.6251646441954
103.29668850722726
89.08518335280712
76.26217225392946
65.20379399890666
57.28934657820221
74.12275294525116
73.96660578145264
76.33182148268251
71.67777337421069
64.63356095096182
68.20055539157465
88.50608137810661
84.43136925403799
102.59566862432052
100.1840369858937
81.10580725833589
92.0700323386102
101.75456777932843
91.37036398289483
92.68347746386942
83.34175934567536
78.19737299915985
68.46137714028254
66.23052942651124
79.58154714158735
83.17374691961291
61.25566232635204
79.8877906768578
81.03839040004415
71.00680742083496
76.23274842117644
75.36312910586409
95.64921196744677
70.86468790560998
83.25405446502256
83.34267391304324
71.16166366292344
83.86639630290901
83.65973776988587
90.5425409766544
96.53944919577958
92.80879640740831
96.01706090739913
107.8545962411049
100.56616158521484
88.47564116693661
96.9942076018321
91.35876064122705
98.29557732719488
117.23511725393345
122.27495445974313
93.13366770816259
104.61640973122596
90.54838539004207
99.52927510137098
93.42426014111143
91.9649101124546
94.19220340620615
96.5423023679775
82.6737872470456
91.7295655808476
90.62069968498758
84.24544996643539
63.89887751751553
82.32428104447904
85.00164947887711
76.74384607336384
84.74590821371788
80.90705886145504
78.94113255221995
81.57150596632349
76.05050548782867
82.74625027210095
94.18625913769694
89.49848746731669
103.42228183448427
108.31890436693266
127.90985907391038
118.3715584935423
114.89557844776124
121.86461155697492
131.7299627077347
145.63479906157514
125.07129527182371
137.36077796905545
141.58193192999224
124.68931951599686
129.213558243779
120.98095801963856
121.21192736521883
101.56444521227735
119.52633283355314
103.87765384005812
101.16239985619993
118.9121102112868
82.5868644407097
109.13692167269792
104.18894443508128
95.35542259260805
99.5667126216238
96.85813819031367
106.22694174297288
94.30374480593866
81.62446037046833
102.88054325731954
91.03712772428119
94.93793358300289
86.97328288183232
90.43030995713465
99.23940501724783
86.6669508707094
96.93934542953693
88.66530037294477
77.7822197461148
94.62661329417642
81.6630969509677
72.71736821398613
101.87839705979377
100.90333761182592
94.59622868094249
92.58784910723188
96.01360754014493
95.22051009805261
81.65024500919864
98.74637462549262
105.26961295577851
106.04629437612257
123.46040426593024
114.35330951980882
109.14646330195623
103.71676603157752
112.19315145028409
95.04758812178127
93.54853208517977
106.89297475237314
86.81748038699553
91.8539268829982
92.38872505521016
91.32209932121526
98.78609204766741
98.98010876751204
86.9459758858126
94.16123486087739
90.69548096791125
99.16234054575068
87.16545725417362
82.95274784414454
89.4921034627346
86.45087438075083
92.90770055978737
89.0098910861632
95.31876631070176
83.68393092969035
106.47887547248976
86.53572059455468
110.78587998520851
123.32080564663875
111.50347943202837
115.81391441446993
107.45201677852916
110.31879340447938
116.77553844671971
102.7335879185442
118.47184152723906
119.18168660334976
111.99067457673468
126.27707282374232
110.00428271576314
118.06433566563823
109.70072683906417
102.54968295733553
105.25169235318273
104.51253981736474
101.54974447658637
80.49990424128855
91.35605751488852
85.6519004174375
97.6879852712548
104.44893353411629
99.58032169996247
93.07299072189144
95.62233702725021
110.77496030814135
99.99724099959792
94.33178808621818
97.92162732623603
69.54387899674342
92.83157114581621
74.57036099540264
74.81092706483645
109.23694918717621
108.29823274271271
108.67906771109244
98.75377707335073
106.54301049081317
96.21244543516784
84.34688566332788
85.4311027478569
78.7024957648363
87.8431993196648
87.34117336938313
92.93321046624794
79.30323014280441
95.01260583876129
98.07161725718674
96.40230328067801
114.36354796784755
85.82714687406192
104.71137651738601
90.12900713693703
106.30517560942616
102.69038055059872
103.9949872157936
99.33887096357518
87.17569633612098
91.27104117504189
73.34057429019134
99.24114049157473
82.97683103780386
87.5540743602003
64.27349928898204
82.81018401917362
62.97661018121706
53.956125401667734
87.24916267654021
79.09081274673807
88.26256894983582
88.3405811909881
93.40213285689612
94.57890110151237
102.26432303754643
93.65870892753554
102.7620778138232
105.5547795029195
104.41363144866912
92.92670907745674
113.39683062693109
109.73237435547
96.81196833023822
122.8915096811472
93.11081185348505
88.95693407478696
100.54460901895271
92.13114405443761
112.20929957838499
96.50440803083904
116.10510720576039
105.59869893970699
99.71233306315423
98.1827414552051
90.22147872476089
96.2225121474323
103.7148824844158
111.90120107451983
100.87650852332379
116.00093733977789
104.52117721415493
106.42888955735154
105.95323206843509
108.75973418957344
111.64137653592775
104.64616721531635
117.9403635469408
125.91841534150558
126.4151695257899
141.12589054171607
136.0483190822093
116.31369322324275
125.14528787581199
95.84431387420341
101.32813045664426
93.99779067755955
94.1332586203032
99.43617402103388
98.78741493731627
104.38576081750819
110.0706109543896
114.06585375207658
104.96397976412158
118.04046710418757
100.09046135096685
94.5594417846556
100.88253836551601
108.35214448111432
107.57733300726923
112.09419578613685
90.30492266723066
89.63794743609395
85.35273203297027
83.97930050626155
86.82358421479786
97.08425466989885
99.0384571384825
92.97616969850267
86.51078880436147
97.38801409502014
74.79804600549352
67.9093351148155
81.35594182938925
70.06165295173103
68.75766984895
74.40465883382494
81.56836522526488
73.33425825434892
73.13326567760373
75.80676701656319
103.97656475352778
94.85907998637862
86.82337949040775
96.7260276080184
89.00097145226212
96.01320036070507
108.00033247622838
117.78492473871961
107.47728321015697
131.1867663474061
116.54696814633371
111.83374589539179
114.28957622706673
91.78218149951834
105.45326508142145
92.86872061455512
95.68635840100973
91.87803580309624
95.39469227738024
87.71201969146924
84.2611259595405
99.67000057153808
106.87099795866132
83.15854255141586
82.67672168162909
89.97748849927686
94.07986183257452
88.5509356346692
92.05255062962836
97.45200607498523
103.32950486427117
101.02550002306731
129.57662727261214
117.33745871264466
127.97425012555877
117.74120346837466
105.40274122050724
104.20327948788085
94.80392124014782
99.00026848492226
94.76145313572283
97.54564445398157
91.43838875973861
91.26144839702545
98.28675959872851
105.7301974500001
81.6065396514212
80.25782528417358
102.50850915570783
93.29079114271741
95.68093664449748
89.5685885861977
93.64175322097563
96.35122409339183
99.8473599068528
97.37233365608816
84.99060148506416
101.74285237109206
93.45597560857905
93.13413211312445
113.3934245115125
111.57768931510537
109.98234836083395
104.30680025785512
95.23711178399714
114.69047556441686
108.08194389727942
113.2302075973922
108.8110296289266
106.5391632136616
109.27288133202535
116.18528355001777
103.52200030970519
112.77357229260821
92.57306146878825
96.9216304447545
103.5218676332018
87.91053375913863
96.72268927803327
91.77919513000737
101.38150364357307
74.80419103655473
89.35784229225115
85.50441471875752
87.18116678214443
73.9017384319115
80.9032024980046
89.54648550753215
89.16385569991567
98.18267353033596
91.38467377316447
123.05154300673925
94.08030935433467
94.61821442813803
92.53315827429101
68.8798542354412
79.90156656365474
90.47561080016513
71.19788138158961
106.3610561818862
105.71416783884993
109.85126682841977
116.90514270786824
95.08670510296497
110.62299914771219
99.45750969590611
105.4659610463853
112.22045163833104
100.01180724033702
121.54693194430291
122.7356989088442
127.18072263853693
149.44735468757762
133.93645236765101
132.91633184154398
128.89660491336278
134.65939547431697
124.05672553974955
114.44762638187606
108.96554750718354
96.44827203187438
99.95177912498957
68.15741937219758
84.96046639474471
72.33740240846737
80.96869061459503
79.92014564977384
81.35731899427117
61.49075998985196
62.520556613624386
85.54748799826379
50.259132599683845
66.62483220519177
57.36641317359718
74.76273831363775
81.53557974383214
65.59635397228054
87.08960809379437
64.5755045599654
67.57093573096509
64.21946247200174
60.92268621365389
80.20063482336182
61.95768991387319
75.08972845647128
92.3764264838125
76.30610213732675
93.68626874967921
77.77051287625092
87.31090656367199
87.73000095301603
83.55690839499559
85.39508410768426
97.72075925948536
85.43520259219554
75.5792956123054
66.44902959416513
84.88835968957457
85.75152415804668
75.40325079744156
92.67741348165839
90.418830766319
109.33350950918353
97.92127698148738
94.1797234734075
102.07137417411136
115.23060520581689
120.17588236740414
113.32407675205994
106.81417859836012
127.47974015903858
108.48067794692096
104.08128034802337
110.4191392112416
106.29122038122782
101.75234530119434
91.95826112225828
88.53311643836898
77.16790055081671
81.31097322405734
74.53519308351359
92.46980362054859
114.56911669544354
90.11027246115576
105.12988791282677
112.46599531335525
112.82085822014807
132.24086523288486
121.23010052119673
142.959427284585
140.9104934264534
147.14936808901055
132.52689995850594
136.01600868001617
127.97608606106837
134.855332168872
132.6587072912479
119.61046980948228
121.15730486962386
128.53315673794222
134.49833482462142
119.00472769104314
118.1736110449921
102.1674757806216
97.05888075959783
84.0688202437002
64.86667785769961
78.7351371893877
69.6739244721179
92.41051765381499
91.43193747153157
92.76722565037404
80.63408435413685
89.09439753404217
93.37139248470481
82.13986137905468
84.62831970251719
76.57065635605618
76.26087468701306
86.45233143920785
84.08304157430459
92.1331796123697
86.96971547548443
97.9649049578947
109.82574382514545
113.92727562776884
135.04064125525218
117.76638623174648
125.55652037282618
121.78316634783101
130.58852513849396
125.03230699038903
109.39099691097385
121.81229373709726
125.71999870199642
124.32401763481545
109.02439235143265
118.14801211894866
110.7025926877246
116.20970809451734
117.50781170824717
107.06848549555724
113.23038511320425
94.16265324261343
79.5554966628064
101.80169775390428
87.72158523881487
95.1974244081675
113.66433637905297
101.16036699499838
99.00751603649809
107.85989368667563
92.50535418614554
95.73285180275812
88.60229387004685
82.80771640875585
109.92123934070321
101.52218988577508
108.58357374070903
111.59441961563081
93.74015009159399
102.49786905405094
69.36844132051621
86.73931604098108
83.87014648817926
78.39986779681445
61.889108953597486
76.76094116085574
67.09900967050905
92.83179368346703
91.92541798524844
98.4254124513181
95.87699586132152
91.74004968049131
95.3234119307391
87.51447626252212
80.13371562250029
92.43754282537299
103.00350107523445
103.78101562066357
126.20806383169068
115.49722848573978
141.18165920057888
108.96530512552883
102.24220973902612
96.46699923858864
68.69724842145683
94.33547361096726
73.33556456157439
77.3277863682751
78.82364111156507
88.02703720413223
98.15959204026393
88.32058717690748
98.5691641666426
108.82721274083713
96.66100190360069
117.9234757597674
118.39518048174651
118.86909419560254
132.05714949764408
104.59799897072756
100.95058232011257
117.34254675944155
104.60268509609853
112.21730629341133
117.03000273576833
109.72597654968018
104.68395300897336
106.39179762591755
104.2727771925828
99.65316702050788
99.16633959333052
97.1452779923977
90.69379631823813
97.81342295189194
91.67267363513716
101.14882136309237
101.25185767858275
111.38608172071369
110.12053317350083
115.4477183808659
97.20488091854193
117.39881303720827
114.14871847486882
94.71844690599252
105.51092749325403
113.98486459907627
103.20324603859507
103.41391392009669
110.19821830759258
104.7926437478196
102.35148429816758
115.32717988574453
107.45059219082432
127.60315853252723
116.95534805877665
113.58147398086047
113.39605383692074
112.43979851869815
109.6099809956875
110.84191422707593
115.51173263316144
101.48034424120621
124.44052154379608
131.17550407036904
117.94935623217785
118.73655554750658
116.5536597279723
117.4439709017993
115.89986130355771
110.33483807183595
111.10699344437347
87.10156252609264
94.05427283871617
100.2925918513987
107.86178155162159
121.31009648520833
106.85662950428198
125.20320887340256
112.73367986962819
109.18403423132492
95.70871805204118
101.51530269591245
93.04441471215583
100.47955634409061
107.61307422521625
96.67952601862731
107.86432955877399
105.28855041105922
107.36280752482983
99.96535369218856
96.3123760050187
90.33594370678796
96.96661152003367
97.38899811965783
87.61298353533955
100.87826316026528
92.06438983704881
83.77845426544745
79.0667055010889
84.82939395564388
104.93941052463464
103.66631933838997
97.68060953699907
110.07669054660562
114.73934103093791
99.98248266981071
116.35917785862091
100.42233345034617
110.66746160463293
110.08966070614193
117.52079406806271
113.40518446207093
109.99373800620953
94.20485272348313
77.75401417326407
95.84662181785541
78.3272123359501
58.73847399266939
81.46977766202585
64.70268241270603
79.35648285708689
83.0718782046653
80.4346348649561
83.56864599321261
83.0008696665794
72.82802525092583
84.70873636459945
89.46161904362683
78.72239650739175
93.35839169368495
88.68936426332206
104.05584253088097
120.62521033575186
98.44969357553671
114.18774942740163
96.43779466314982
96.23981207479824
113.98153725653623
97.27907415376168
115.57628651953195
109.36510033793326
108.64804717043657
110.64978487604154
121.31007892528629
102.31937321986229
120.7216134022724
100.79000036204991
108.88680386795627
115.396219181003
115.19354867715003
123.09328990761418
101.88830711949876
102.76782499335116
89.77576252044153
100.80103256990103
89.46267084818095
91.5548780095186
93.35891517716979
97.91299816225865
93.59786287037832
103.36690652927064
106.94717176101591
88.2469846229234
86.73766873520128
92.69815640548615
83.77766216398251
75.1281754067422
86.24241968256007
69.5155442430233
81.92253826959393
98.72959659779355
83.08753725082443
91.1136724940929
86.57577653776832
93.00075839735064
86.38351659972182
90.77622967442325
80.82857858641137
91.07992091519375
84.43793073205768
89.28827874570733
86.95388695336032
90.43568215209709
100.13933898422215
83.03221354211152
98.06980968117111
105.63625827101154
104.6473535687482
101.68858573505219
99.5859447849981
123.76562900672585
105.44563989723991
105.93744437216708
94.4748561755847
109.53612342782472
86.19390300131694
101.73733105546088
100.36854758452759
111.74260124320523
105.1927059423619
103.47646406152577
99.60164784956365
92.12611213812832
95.37345022505019
88.44978989925784
92.00846120389663
103.85956075318978
92.49571101238142
91.8687911240757
66.30874230216058
77.51823575796975
82.92680233023673
94.77565088672239
85.59104032520386
94.83391789246318
81.49980236396414
80.48453552758406
70.85696854984747
74.38747800053227
75.36847352376425
71.37598964369282
86.16924433177155
71.91410986969248
79.58121545583359
80.55722370012549
89.24460118230942
85.19010176713351
70.0432881899392
72.26313040532531
79.57714793033568
79.16591860507171
65.63794886004573
74.26967292784533
76.19384280893142
99.26497582749869
93.38574080134893
116.86290185391309
113.03881555918471
113.54440397519068
120.29880096932882
113.88130963218074
111.9688145023481
123.1283485921405
122.58679803552883
117.93491250892373
121.69063863829129
97.08258875877294
109.2407490733186
95.64544461883818
82.48191066633899
74.73217898050964
87.56257989849294
79.02175832232001
79.61175603981823
84.85657353275892
69.7206263728199
73.8911800634164
50.77724978245055
57.240423249293755
76.57853192612913
66.76779754067786
84.32808049687335
95.83034961471577
86.59797649710305
106.67092184915035
96.5502665321167
107.78845957391414
91.92807597384186
111.87471396322047
110.76121321531667
116.37044091294524
120.9254233285819
114.28904768639791
111.95761742821932
104.09005373010675
116.87681444727733
109.10552143340072
120.31575379405422
132.21018613101356
111.99746264692155
115.09084108778586
115.06334493388994
114.71992047888824
115.32321563098259
91.33911775872848
104.17129828593454
100.20554517646619
91.92801131604219
96.78414981117615
109.42917507807678
89.6614314008998
100.78020950123584
115.24196179487106
102.42155137384148
98.66595095704497
115.95407671303843
118.57783941346287
120.21099050721915
119.39627142906244
112.93113263523125
92.94804008580287
81.08523835120073
78.52865407758276
70.13098861336496
84.1149873375108
73.58671515112428
80.12270022477614
73.55604065849818
62.46625490722564
68.89736783115407
65.79712958406867
74.16317186989122
89.80019803701776
78.22447397100561
87.05213150149709
71.58643908133182
82.42344615475724
71.91153266089427
78.41080941599944
69.45538872333447
77.36995970202915
80.84073848179386
80.11839065050057
68.66465787105606
68.00326266834989
81.39661314262158
61.365176873142445
64.16018539543114
79.79811901708541
95.36614377488928
96.75911419309219
115.92819766218011
122.66253150153
124.50475730678855
151.1375444553229
128.70628593269012
124.87238556238302
100.04622095753203
112.7676680406953
113.08426530060643
115.60491819437723
101.13995423682931
105.92223787333785
107.23272528007416
89.67578869366488
81.75852512827524
85.7801310904261
123.3620444420537
96.82552624280663
119.42413869097965
139.39631443601857
92.0226069052435
115.18875907536457
92.78192236975717
99.66637725846297
102.36685435434941
100.26722228791883
101.6864846660996
113.09084212441527
113.18148894305406
103.6871714491856
122.83972107002799
97.96327089362694
109.14745941363881
93.67281051754014
94.18539082816281
107.22676499372756
109.29557600798768
95.31797911129746
91.35901762877809
86.51693325916375
103.53899054138904
120.24387607298894
106.1706386158244
125.41855071753551
95.17573068331046
101.10118799625508
100.26592806173034
106.81839737090871
94.99724210649643
113.25344570921558
125.64460521887187
116.60865188283907
120.34439274063865
122.65532409784382
121.46214629226566
128.74063647925874
119.797153574182
113.68230485266574
110.35157525901755
112.46562694201154
121.77733446118205
101.06112302333463
119.68140342080784
115.88533529806557
97.90245087415022
89.27157643230564
95.0720594354002
95.8214785026486
85.88874201109846
86.6996326972812
78.86170093775593
67.56720180549719
75.57460523275105
69.79279537069138
80.35916743787419
80.71283944979186
86.50693145653702
103.33901132337544
82.96288393896207
94.1717937474796
88.59569350610019
85.65005304613425
82.95080619212757
86.36782688862851
82.38453017116073
80.99715295875046
83.68290254564076
79.04734724196169
79.25327270384429
69.78427615578906
72.57105446381534
75.15304513063938
76.54395565340533
68.30632351477438
78.68537473291224
68.70975664257959
74.243511378156
82.27782955732116
75.63159072672006
76.33875442034308
68.13243834988037
87.72321893453909
71.80269759893102
87.87246377334135
93.09351934953403
88.36592015688262
95.68812085962705
103.38615796018192
106.61154020691336
100.65762107463323
92.83963462110816
103.39894407253576
96.30628301335025
116.97428804619861
107.07138319371234
115.48905003412546
124.22584366883942
114.38179775276086
103.61113375740686
96.4336191613215
113.5223570987597
99.3451390213838
104.55931660897303
96.00895343209876
105.0251185516172
91.76247386620147
104.1017935021888
91.23275546179727
79.97006414645566
86.36278368771755
64.57225954994342
79.06436534101088
69.75579250545186
80.91296472129125
94.83647190076132
79.2044730624398
77.32508821565065
87.58507726548255
71.77742350908952
70.60546101222636
90.99280893554513
88.11633701744069
79.48386066767878
97.27333217297951
93.56234934511278
88.4432871629272
71.12415064325015
87.43335252964617
69.94504109894264
81.41067412647763
103.4574889931628
113.39848842782118
118.16756744452576
117.00556070436542
119.93136883197431
112.48400482015799
116.70470827045907
86.0077427210714
106.34143356128783
97.57464285529582
103.97732096036424
110.5617416633244
113.00225995389067
106.83746152836764
97.22302699198676
82.83108439278783
86.476224376993
80.95694243846596
76.93135145661927
88.2779012920713
90.16952302263884
91.26978135538783
84.90324431067742
92.29430092206968
96.02329690759419
90.49636727657469
101.46291164001232
85.45718041536463
81.53260109856126
96.63956127465957
79.92126875688737
79.86077440304362
76.68762820865516
88.26196682100587
69.08704885806375
78.57577377242865
57.39261642836562
71.22855220913712
55.973700697381005
56.5629998312947
57.029188692616955
62.586497653552065
64.57627956556559
56.247954924914794
61.875981534303506
51.2742830406761
56.8002709993041
77.6397647198516
87.91924828940444
96.70620518618978
104.88198514656983
117.62499087079362
113.98168761453107
116.9274249421162
120.94266575293588
100.2355054209041
89.58331881981692
102.04947272112702
96.45885240131571
87.18756390638882
105.24144442659946
112.98917118310447
103.95559960689235
122.78338023612517
114.49585791980593
137.2391312967952
112.17136094223105
114.88571079581689
111.50964351631865
113.0424727349542
104.35661009379334
107.00412753837429
119.05859696868094
106.54416687403719
108.20453037685397
116.69823961796268
77.02638165298202
72.28133594839413
70.49564959190491
42.226034343301684
52.91642245383453
51.34663559762041
58.89524684317189
66.18323867398294
59.87016077940255
80.64568027526389
84.25993201061812
101.97228901345235
103.26587543862436
110.84025272195149
102.13979129809505
109.44608145358131
101.20048588207419
99.85196920792893
95.81276403802278
108.88131570817083
101.66319229440913
114.14899777839324
112.0763261772176
102.7557946146645
107.41890484414807
95.50317298493039
110.83230836027337
101.29909650684166
103.73113954914561
106.08864531065933
110.76015677365211
97.39083549797934
117.8354538397663
92.27897491742286
94.5636137671226
90.89191810360488
75.61935879115873
57.36822230086092
67.97800377606245
63.39775496051766
69.65883957555596
79.68198665539751
80.60858187679906
77.21827367828666
65.89231923049138
83.7816021929716
67.18620596451821
73.91534943239296
82.80170663531223
72.29372035935558
81.9791103963473
85.07274471562297
89.54827382499354
105.10632563807448
91.49984934379717
96.41818759749924
93.80123820363622
73.82636881685657
98.88276507801748
80.66803488126259
91.70264216580573
99.89806607332088
97.4175841124221
90.1403601213562
90.94805271448817
101.06688665593558
97.05452644789602
97.98477394603722
87.66774388446052
102.5658898083135
101.5428867392321
101.5688545862908
108.58268064539001
111.94220644043457
102.17579756987618
113.63011001928481
116.0911789522998
98.45652650216019
109.08798755490321
91.58507379888971
98.09377317846852
94.97952884955686
108.6648804684121
104.67345004882358
102.21431808878285
104.28531980393507
109.40157235773779
84.77919355730602
73.76539199525757
77.61686930731179
69.99615279556969
79.28290167178298
78.57294431044897
84.50167407175098
87.14779140415601
70.75557027058221
100.38219818735033
93.40168270695352
97.67638491273371
108.9947638725277
114.9400263122561
118.70717870797591
98.90146675212125
118.44888292408646
107.76882138819619
127.74050496634968
132.1212226303111
125.048909445421
132.6363254171471
118.16679253896652
117.35150789366907
120.89492719801177
117.20474595226113
133.9347200543453
129.17047508558755
118.17292489385909
110.8294355840049
104.33422241142796
104.24154745734683
103.17264275763742
108.14934631988453
95.99287140861614
109.70587216183554
94.98362520576154
91.39060084974707
88.03429150074835
86.83019264428982
86.93408811611545
83.5651208730993
83.27448983261021
78.50387565093524
74.08778716416825
84.96445145301811
77.29622082187153
90.47224923862066
82.88808802564648
76.1888226909812
70.11093736582474
68.14863213800527
84.64358043123438
77.59110270373765
86.2279525959377
77.34351016463151
96.6529281004166
87.7895285565623
98.1583991645746
103.51999155138972
95.35378836460558
88.3478792936775
107.8501502189209
90.25367984404787
100.71273591037416
98.12773788865064
84.84796326133902
97.47820935704294
95.9421929936465
93.79171987213823
104.53220076576963
101.52029743921088
115.14882304818391
102.04010181974255
108.49089190365285
88.57326064458806
97.80513243638444
101.66595473115115
104.54718900483152
94.38420558313163
99.6611243042185
89.6687402640392
106.0889837118512
106.86134597981604
97.29845803077555
85.38391950230039
86.78567303865675
66.00955091042513
79.47009012312827
81.40336477104094
76.31176025949546
88.81251912700048
97.1015907760164
92.00364443970709
91.78821654157713
98.70629273336203
103.91498968982492
107.48076601692574
77.33740884266932
80.42523041857663
78.71161422109716
85.57596379981621
92.42096157687925
96.76007932846647
110.92826656656248
103.35428068650833
104.80138304572287
98.75612792826766
118.53020482397102
92.2953226680347
98.28508393826493
77.46992754219389
59.17057511610602
79.92117795781563
65.69663365248778
82.09673804190571
71.84236372225831
72.24406601362381
87.79890557200942
87.65185609789445
87.64204721944814
90.60645968526515
90.02615435234492
82.08974390905112
95.77809485319634
88.36156297373392
62.882171865173675
74.74863055136919
69.2420678401804
67.67710176185187
74.34096582587105
86.39807655563442
95.5721319297921
100.1031886438665
116.10659946909342
108.89119833911903
131.92374480011287
107.3973246602221
102.0504883110583
118.79989387449126
89.57493214096706
117.3847208293239
124.82723876211682
118.26781810302143
119.91623478009038
121.568347657283
138.25543874000897
128.93230167750195
128.34252830403943
117.22053477645454
121.87173506980176
100.07925481051095
126.54581627410207
121.9755837105337
121.94719279461293
100.58014229671747
114.72455544977242
104.54520051134568
110.80838412182985
110.40389883989283
104.79526277854862
111.16360577065444
91.1372475802523
120.39714030185377
96.42129674754935
113.16163463686908
90.77901453033243
85.2795464472317
104.21160515853919
85.91044531741076
94.2004489278597
81.73364396428539
90.14355421938942
103.4513561704558
99.38131680482593
111.89162011766643
95.56485209078826
88.62677336392966
89.47796583213446
95.52158128220609
89.33331458640976
99.80382003996309
85.11610894400397
80.09944654691427
89.89573441198203
95.62843024849306
86.15332208542091
95.22090418751642
107.05176437262097
111.11703561145376
123.79135650186504
110.40337684889866
127.47068025299575
113.42874772928946
112.77853497457113
113.3893106604655
93.26635650871168
103.51425536633164
109.5033793187026
102.2529407509347
101.68206286215363
86.42887910912103
93.45150483217944
74.99377665935268
89.58784784198825
94.54353180794419
107.8073401871134
99.50259324733801
96.04125158941716
106.5701041049308
102.14254104671406
109.02123283330334
110.79932466623276
109.14448707943248
118.24716548370463
106.00164911533679
108.17801590033076
98.05469019859854
88.92307099063797
99.00138654857972
106.6625922255846
100.2299076472664
97.27772079642952
113.99250163237812
99.52369747402165
103.45191511122826
96.37845109173918
107.82153938498615
105.09614959467754
109.45446887703352
107.35055392217268
110.58432418174183
106.76217519518039
96.13564514528682
80.82878621759465
98.14390833976199
95.62239287942091
89.92119666733208
92.50378313023887
96.53500318570167
79.7810824895443
94.15879553091807
78.73513360934774
81.86076745629202
93.58079335389328
64.41674486332741
71.07922756059781
61.64205194894877
68.56588407820851
69.31643284177164
82.46011345603046
86.12046620441103
94.03769571817799
74.18986384021412
103.73726804438144
103.1804786507899
93.53046805820478
100.19361676556412
82.10861835932937
84.2052133704359
79.99937656498253
91.21478922554232
90.05054481656194
86.30087905088673
94.24713929641666
95.32639372140514
90.89963024088681
116.13517736345057
122.22617287227561
106.51650544773142
109.87823478307331
123.88774407952366
100.2998580194521
108.65812682179691
111.97108734724443
89.52489712103727
103.16585103911899
95.35902618038386
112.59850151943769
107.15908830655474
111.11008185494899
125.18314410312377
98.85539658242291
112.47853805925405
121.18347035822401
117.22698805129758
124.33121663727698
113.34243604963683
129.1654724576301
112.93245796940877
99.48113564412358
105.62373126784348
112.3154067437805
109.13875161737366
98.05227216174643
116.14132365494211
110.07060934305466
110.35230017531032
98.33452869002525
95.19056733727683
89.19837341903256
100.3182058505817
105.98357432084345
110.10315734705054
122.42296441527705
122.66817575899375
114.3685723814753
116.38877947758763
110.29753039237335
115.51072227343155
112.29999179526732
103.86211012383455
94.47043345181598
95.59145211163204
97.57941815229572
98.50166305985968
96.05256140986808
102.70305139348778
89.23337068355625
94.5336927456332
108.86543656134316
83.09471639537713
99.79993330922156
95.19226096557898
98.14820802037568
83.2886203260254
75.72039418823789
84.82147765969609
72.20523990303377
81.32780508456437
81.48714021077805
88.49582119471751
98.04978151668172
114.11013902188154
120.83465845077907
133.9724783415699
125.61531360804486
122.80055676917468
130.80493061464466
108.03728226878289
111.93120800467463
124.60714866737658
104.28157835815799
119.18999280554974
114.29351776195449
96.88738551008149
107.48659231634991
102.83772396983693
104.81326091642481
121.95008875718403
110.15278898878572
109.50636282859688
87.35129819610438
78.38926300367717
71.97124859609349
58.455898017202074
54.964011073838954
67.64370372566091
61.01287795899726
57.94192873728497
71.75879472069518
59.259064162635
69.22886663751984
83.56605623378078
79.02905283439091
84.171384891692
69.29936996454782
75.21696080381446
70.94869328728028
80.01548012770436
82.05508563024868
88.16899683893186
83.40295894502148
86.31412840492897
93.42255836675642
86.95939801267673
98.70818515380122
76.42512295080645
88.40261117591595
98.5744597128581
80.81074302540307
84.87341693331041
98.11017672521177
91.57418025820039
70.92046035027167
85.02573335046063
84.00478805940114
64.3887948825638
53.65452601021489
78.29666742416818
64.9725553376621
93.33525534455623
85.24912278606726
78.66579494024865
81.56193211758887
89.00737855668027
80.562871105232
90.71249485136366
75.64796839681993
77.9112973931222
82.91931180880005
71.35584195392195
85.70894757652448
74.00830637485637
81.30897535046729
86.1105304808357
75.28313284462712
88.40972156222156
76.62661616982813
71.76308614283367
73.59459986815139
60.87868097158845
73.36281621416882
78.72346116165679
86.0238197848476
76.62578228502466
92.38789331532737
83.88893476111505
94.9145653270341
102.83355517870666
71.00788361914682
75.84233922894536
75.07578778647081
64.03929330021178
70.8550841551354
76.10880964158304
84.17596190396841
77.09094322691416
95.78096920838803
91.4028793556491
92.59023805585367
90.0089978085168
95.16914194728861
104.05143856671958
108.83482240546127
101.34782816079374
83.75927702426817
116.25309785950205
93.58975778082441
108.17715503837746
104.47243668468991
94.95136404239614
127.96701027108716
107.13966162393206
107.25843726512605
123.85776324189709
139.99436256332908
140.35405187768984
134.70942796415702
135.14704514645203
121.56551245755395
126.46808848221849
127.25233851497421
130.23977710512662
114.48588423389322
117.06873340278545
117.22586591353257
112.66521082577259
116.30266837664507
90.9677136802542
100.53133035425171
126.91755104513066
104.6724016220993
108.94352815081069
93.06554671147822
92.58599585403307
93.03110466779069
83.2829359662098
85.80473843506064
76.8046795212822
74.86779695763587
64.17398212958899
65.25698664540084
53.05348314475463
76.28544902585966
71.18764936356044
74.88311526774822
94.43246105991199
108.14368493867872
91.76826255037531
103.8745405615914
101.21448711393353
79.62170201163497
95.26607131453204
93.61157648072651
85.8263305376768
83.64258530867528
71.55244554974114
85.16718153802887
83.51985383443562
85.37623528663423
94.38436823228719
77.21528566393337
78.64139856859013
97.40436442553266
85.5073909718119
82.5045683024666
93.61953605943916
91.50584646185172
112.7048702211379
98.87712951498321
83.8750938543418
90.30379398075459
112.18060911095037
118.75213332838251
131.21764959288708
128.05548611838142
130.11478287608972
126.61222653937145
135.7434403891418
109.86984857594032
123.27567110777085
122.7344971486354
107.5790418389465
102.69764173025584
98.02220708654639
94.7506659884001
85.72811568678237
85.90161688900149
73.48251298386123
65.74763489815946
72.98060139304405
86.37904815075407
62.45519511054791
79.70133761075405
66.84848775242006
84.52803116125492
85.1664152642467
75.30151199649451
96.72881920442808
79.24210777409283
95.05960916189929
88.44897388586058
87.22311651292199
81.4411204453616
87.29558295545543
88.72230435281782
104.77378388172886
113.5559058026216
112.22923144424769
109.14239769914758
116.50069689204915
114.38309584611795
108.8463316201802
110.1383800400628
124.07466787554623
96.64654175839354
117.7843282038665
96.52882117424608
97.29696297859988
97.60818510552923
74.59843494672717
76.75298106201704
82.67604517706681
73.1914536675014
73.88767097882561
58.27699601423377
63.85660196721773
65.96809096965302
57.36877093379427
70.5635436766328
55.36683751392869
76.98156913424104
78.43999955942427
84.09737316156368
104.50499274483545
100.61100355770179
87.909357508176
94.43743908765993
110.46795006392455
115.01580737156007
98.53597942739827
102.48117701547781
78.42196292630234
85.4567096342669
94.30113384516801
65.09210044979775
110.63070197257954
99.73409485797225
100.92578465507006
124.19904504528867
119.82692349863888
116.29785289118621
121.5689162670952
120.40362518656053
131.29027926092445
120.9529957736566
99.45988471407261
120.7155310768949
94.99185531310155
108.42881778777672
127.23442513247943
117.21227041080894
126.86491758322373
119.98466845519079
141.25929804391083
128.7967682291399
133.26037479198644
142.28485265787202
104.27041652909972
102.46090227386821
118.69501073971023
95.6230679678315
106.43861827709631
98.79374082539942
96.58087763666933
111.8789376349497
91.15347115626486
85.35917494588963
82.29161632800788
76.08763059229585
83.83251858309572
82.43383394712225
80.6680846897147
89.44426544173021
78.29557187959706
110.3350875207941
97.71119925546122
89.687714080609
102.2541933355482
80.47227290669434
72.46459033982649
73.53644317397197
68.1598083311365
78.00257003410852
87.70332551003156
75.85158344583752
111.20523550976529
110.56248927747171
103.54811068702145
111.89124453312394
99.49279243505742
120.84878272306483
97.87186818844029
100.28060111085722
124.16759909728458
109.35735241800853
130.0634280333302
99.11284784158184
103.6846435054297
119.40262585437927
96.86979913550371
98.46082176721652
111.03348698655157
103.75053797660897
116.44325636481847
106.58380675462831
108.21188924315348
109.72325540569705
102.04834937643739
97.03101832799769
100.54113932404556
99.54204926894138
90.78596896170906
82.99806067371456
84.6595155650017
70.46106560776445
78.4068754877169
95.11324889496939
86.85923618191723
91.18802313011322
91.13605747580078
80.87703915445928
85.76240870259961
81.35149398631027
94.59685205130424
101.09051848788843
96.95974113841137
96.87316797345656
90.71531848819296
76.77593863514974
85.4403973351829
71.626302742686
63.770633874872786
60.01949223195326
65.74931116306274
104.27820879044666
95.61882995949247
123.07456631754476
114.26136848957717
128.73511549722514
107.15822497626382
94.11635851260448
122.0588634746282
113.91795106255643
111.2013457413637
105.44094468280832
104.9807460603042
107.79526012463367
102.90413172955274
105.3305820522171
100.80666053332311
104.95562232671998
120.16232616802566
130.32432876951347
119.49581511221541
133.57869317630056
119.76425933823725
90.25850732218859
104.73809496264553
79.95568626487147
96.71572765196859
103.5407298308053
105.82848048620522
110.81925068444454
110.37737883032798
96.3097879448872
117.04785329942624
107.06661717072018
94.00262622511895
75.41631498793114
84.55127104264619
81.89221903711812
92.09950242603011
84.2992148014751
100.93052801648079
102.29961735947657
96.24765730963864
110.45291436652099
100.6281625306467
101.57948483894222
98.52331088467801
103.42532287013123
100.82811081461014
84.03788975409633
80.04359794941115
92.26618201917958
76.2869321465703
93.37362859775757
78.11517065048272
85.93809531198892
99.73797758541284
122.72674929900904
113.9403266827623
117.3385422605343
116.756717735589
127.5027941923683
125.56178668833496
103.01790986998532
112.10447969644531
89.88949516511833
95.0266072629604
96.66939266733357
93.9465881597597
93.85252486651066
85.28099189809262
95.80257000987032
84.94924623605368
103.48838260759055
90.77866830609896
96.79658696490753
96.38705824537865
103.64225337379116
93.10944070223837
91.75487967634982
84.23377773969614
88.50299842296724
84.71968831679158
96.84976290684853
101.48914168279299
100.08264261219412
100.37249464079218
106.47132755031222
93.01073489568148
91.73982176007269
89.33089931456053
76.5260430003913
79.39794675326672
73.63487427210872
78.30272834687052
75.76633497834911
91.70037879261022
84.96883138808458
112.52555114870538
90.32954755825003
107.9468753975529
110.1463054750659
79.39711547309423
115.61747113032777
92.09175475648176
116.78198982871604
88.15527699683493
101.21965498167305
100.20933712309565
86.9796937708912
124.94063376706558
109.25458535138151
122.42722027768536
99.08704591516562
108.85945707774536
94.85563973243814
82.22609042468645
94.70981018953904
87.3243864960351
90.65904880982251
92.74543619718344
111.17648224174974
91.24108609940613
82.40136231374879
107.332824113594
89.20456759174203
89.22227560380963
76.23809781762927
99.49192662681406
102.88344408864063
100.99017036858376
84.46951793453789
94.78183112417386
87.93265075233225
89.44271154780449
102.49568307541105
106.93607987936232
107.9896775569988
113.52585771154156
100.02256190244327
97.01997480105268
103.06862675212773
81.45222582503789
91.80501280400256
97.12631006152296
77.44898395878681
78.4596557602265
74.94873752047422
66.36942428126747
70.8879203756943
52.292219806893684
66.31206652624113
70.96254833935603
78.91413430898416
62.57568380509549
61.80418267332769
70.63498175068192
55.88113148231065
71.00575437408398
70.32044612553838
70.95939967180178
93.89882980343634
86.65960962094317
93.92963233244632
106.17862759424057
118.66488498255686
115.37468827421239
118.68006677770674
122.20699791134572
126.06847437279868
116.92205123733285
110.16002546780487
116.13133542243511
105.80892712624615
112.32344810218544
117.73086945359802
107.59785042876226
99.02355235102232
116.43046210845225
94.98710113173064
80.56250641135722
85.32003875880955
74.60654032197641
77.9152620635409
81.38436284877571
85.67043763023781
80.39451371234395
90.07291899126778
69.01306493981963
86.23642991434195
78.60361292567357
89.48095102660663
96.96489680257446
98.35939807658241
109.21443641382635
96.60857633569759
102.41166118099571
116.51618463635754
104.013146887089
84.2697804035648
107.55384678198155
106.14394064849063
116.14484282483247
121.06378550452351
121.44515828249885
109.24048831931995
114.80900753213379
110.47990521008526
98.35570778468781
114.89483695882294
107.25044854851606
108.84643966576004
103.8750835778653
90.83267868555328
87.25024935578969
77.04035269124185
83.98268639577697
82.6522912521896
82.88376061224672
90.08496620361454
105.44887971784578
98.41755041938058
98.42145960208282
97.6505117439736
87.86542357693509
90.32809384132769
95.03799656841721
84.15080672782625
79.2590299983838
75.03374618487285
81.90104675902882
72.36844216775467
71.76089939331968
76.8785480788815
64.37065465369012
93.89192582536728
81.70494421411532
100.73157044235535
111.88842802325829
110.84802449102503
118.3724470556796
111.52870832578694
113.6625264288092
117.90994313858576
121.30726382320609
116.30297542438095
97.78198627579309
105.03190930884006
82.01973448292671
87.70268412218365
107.36503901124823
86.74808859790573
111.42336902998252
95.9949630549801
81.88913853624511
66.46532393051649
65.29806417681152
77.89269765220828
72.8323756419062
86.46148451428488
78.319100546345
85.8046895454682
89.52618023323964
92.61065698746674
89.32753433547916
107.2484138386591
99.0990327545033
93.74783839459982
105.61707346750563
85.67288019362815
98.8156310766957
116.35832410419266
112.4324850493376
123.98829401245152
130.0184009922295
116.74668731802561
136.75034224262683
110.27729417090592
108.94074847712369
110.45583901137306
93.65575620662534
92.62729910955792
90.40571438013548
75.8025538047273
84.15629868408666
81.5632177746851
104.80716386240215
107.51039795652434
120.11447651578519
131.65873592734593
122.21302697600962
134.40901498463302
110.1471584707902
130.1945439376794
111.5119664378345
98.40087247650848
122.46076932317621
109.1979552761425
109.20487339110079
97.2277995832876
89.94916467594527
101.90959697399236
108.67486959305336
78.78740399876403
87.53796530006221
73.35535844498406
85.08292755691389
72.89030436375408
80.01855665750253
82.16858800688628
78.92374754237242
80.8932902705466
71.57532630549098
68.75897283254207
75.74586915206636
58.3684659477036
66.20626786315441
64.99953378862983
59.10127069470437
65.36298295712278
75.38358443241908
84.2015293949381
79.75974751386542
100.18091712129831
93.50497020440301
105.52810314253014
115.0740461374136
94.97243166513118
102.75236857336819
97.96041874084312
97.6826334108982
99.43269829189992
91.67848927348366
99.50908858375536
104.29122675648244
81.37079043404528
109.4584807366719
95.30945339833227
106.30224405672854
98.70509254132546
102.65045454278834
96.36977412640726
105.93137254226241
113.86493795568086
106.94950870256832
104.90753143651213
100.1813808011591
98.3396799309659
106.68911238369412
106.0534394868169
100.22352645757263
112.88674646815016
116.67510662048929
116.26177336912568
113.38544159793855
122.83021919054605
106.31555127379471
97.8801419058338
96.26120517626669
90.61097789846278
97.4866009318824
109.64028348250406
104.88664423244012
122.37664958883042
117.55610207214693
117.43541542310129
123.48223595264759
123.72331492519638
144.73360286180184
130.20418146556634
129.95532940498205
119.67889784506065
124.2150024070281
107.40153288966758
114.11414271990878
110.82102201380442
106.60717294247223
112.65985417398741
115.21164296492813
105.63433982665256
110.9383017878948
102.12022087135117
101.3176820085209
97.8962185125053
95.55765296333612
92.02089906473527
108.69819583705655
95.39752680954138
102.59321702709383
124.59136583410125
124.69904793034758
131.10535967387497
141.48304924576115
124.1152210062346
114.0838526889585
135.0807289651194
105.10047711439597
114.9302646304848
98.53912470185296
92.39340993798962
80.26670763346343
83.21934123779965
84.5863788987355
56.88990065851676
74.49876337307543
68.7504383033415
45.77408876114273
59.89278914406411
26.72933463918316
36.260101136838855
42.98135497416358
43.35888958832865
77.16379044804745
74.19930959964492
69.82563476179425
75.47540812217235
81.98975395113615
92.18228033160833
88.37292403634837
75.85492638426676
76.97905227662605
68.62842920781075
95.08336536333493
96.15308350583769
104.71739637565025
111.74348931519754
96.39762867556908
107.24133911565457
91.46180380625009
113.32440866044436
93.28586275852868
106.35307581651304
96.30906042365646
111.12748882532136
99.14032421633823
89.8107499025679
96.98282953063085
98.51668556437042
100.08302264991147
112.92764698162622
87.08890622303926
99.6690537174346
89.07474133138878
92.43024163549035
82.16476806267444
87.67187884248966
83.84263476325592
77.03579047318988
92.05815263907398
84.21853348257734
81.62085518388804
84.77297072041397
67.44272329120606
79.77451754808743
94.44186938006843
95.18940869405401
94.71489133222494
96.95056410844734
79.99920620254629
91.0588421264442
93.89753802801695
110.36642776793053
110.71451925600746
90.03313631400714
96.14023887223138
56.369485085633755
96.8956676528415
85.21338799119225
86.950090373384
86.05783213774487
98.86908656881803
86.35511909098472
83.3618639148592
83.57794475985358
58.17415561390402
76.66414644692813
86.25807365010286
75.17194244797027
75.38603042088161
105.8522421660507
91.97817108705556
105.18481527338432
99.91525523113404
99.3096344941415
86.86843216025792
97.91249570958084
97.6222053839935
81.087405109582
107.4299219490839
87.64697221622747
86.68496063615572
97.51065385795937
92.75745645624895
97.8545525956603
96.13610995906168
90.6720954434296
85.59353800924296
89.26677558386851
112.91346857753399
110.71729086735616
121.42163821918228
120.65262988517216
131.19535113646438
120.9817477863181
111.22779891319513
111.2686402705045
129.77969077049883
92.97253309078252
107.69439124687113
118.88144176563148
88.5100298639424
90.56155856933081
87.68416389967834
106.05941926569898
108.98722112041182
105.86618464007938
131.39279961274096
100.87221964001986
96.61094725871291
90.58008297733869
113.22894407792555
107.48605358997992
114.95583282917468
115.9261675355063
126.11220287025668
130.34797841990476
121.1054597453604
137.55955410086943
94.29568997898497
118.93742474606398
110.75772845470064
89.0788572819516
109.35332177183577
89.87950723209724
86.71975978355886
93.22928300142917
90.21627783383789
100.40860085633588
99.41573290075826
107.74844445333818
116.93404920774199
105.79711834153318
90.90285220781854
89.53655503994528
97.9046873828897
99.94984797715148
94.84134000608472
104.87387268344659
101.88868820142417
108.79992492975845
107.5415253893567
119.92376485915133
121.60098331770018
129.64914165145217
126.13001939604678
125.1232415958329
127.52274074293948
129.38590721880587
157.34127421640358
149.4028941625994
138.8823550049648
137.4130590571987
119.42874316972609
122.57043779514987
122.92463668964251
135.03666673583427
135.0586450869376
139.90882696231054
145.5251485788945
130.3882810361184
140.5586416380453
132.77260726702647
135.33728119821953
115.94900150598906
140.49770699902433
138.9755756489607
149.81840443283622
130.13059701710185
141.69228812714096
126.22639661855354
160.1521052398288
142.57094789119537
131.70226672270346
145.90155203074565
130.14441811179896
123.48301687468793
127.81546860671972
131.92937950583394
108.59756837872044
122.35012791254667
103.49564167555528
100.61477453106016
114.7611354402984
115.12217861255667
103.71898680214437
112.3719012660076
106.32557703201243
100.13002492143255
119.64081849745563
109.29005644535496
122.68155549350467
104.19421239391275
103.96578273002851
109.82542441514912
75.52199647957289
105.9238052711593
86.7131835810957
95.62356877036717
84.01450757621214
70.98178322607457
114.10012088398881
74.77332874812559
105.56096710024877
98.63303339296883
101.50160556321603
103.96436444710076
90.89866097442683
112.34167554498114
93.22207452988633
101.19213807695999
101.8613943736342
95.33613680604117
89.6115100047918
112.41922299293617
86.9661181341451
115.76925615564699
94.29983983883031
85.98492465568023
90.04179442742239
79.41714588200614
89.23419330225971
94.34004021335537
95.52115598832296
71.1315622536323
76.06147252061484
67.09233661741277
72.77538969665271
76.51653363298506
84.02714695620355
71.16238181593127
84.52149097448579
67.60424204725274
57.41721983774217
54.88237282561936
57.39800394745984
77.27742662158767
65.94942775506037
83.18878224872263
76.40445603593014
70.37321455244057
75.98848794706824
77.00543752919003
84.92757535286296
81.78173026023529
71.99799529842696
84.4360820653589
79.69246932700514
75.78012140074063
98.29175333131423
75.7633305217205
85.18029869551316
72.15460566074708
58.80726154274465
59.82505736414085
61.20790310479227
81.22648264698631
81.58535352513258
93.55020909950883
94.75738422662673
95.7408683463602
97.27741104339853
88.6720527194842
101.8028199745437
89.84022433180326
103.25371200169332
99.87778112169411
76.18470062829624
82.17772024043975
79.89134665478943
90.94560434781516
77.84451899991373
79.03921191657315
86.36817899371579
81.16706041111209
67.1666494432118
70.32793896042398
70.38344272433602
81.19939594261965
67.99244981810784
72.1522483100618
82.78807924802496
59.50277319573378
46.87805290438549
63.894278115134775
57.0609279931904
60.74228338363039
76.79605984405873
53.69724230316612
54.74595309635177
69.92621286966187
60.22826284556207
60.165211511135766
66.38929767996802
72.62033953704653
72.75471659777239
94.93504724201716
89.83500810174233
92.06850450894218
79.83395377166622
100.27936396729868
94.57947708068065
101.73284720616286
99.56285126305991
103.61330149830133
89.85687429863279
115.84298974798267
105.13115550881133
91.0402247087465
121.51434841116031
108.28630132268097
98.66172981369053
118.44653000988947
106.45790480704119
100.61086217799777
90.21356213877834
93.05770383368252
92.9050033966916
87.29543379319223
82.93513269886603
82.6944522000088
84.61992738625227
87.38578962324141
119.48003420782453
110.56751370545794
107.93567360122174
104.03798362486265
104.98515521346002
101.25540174372978
98.103102566124
112.60739980533961
103.97575362339583
93.30210373374521
92.66484807910724
102.29678679013932
86.37163088734471
77.95866709038164
89.50782885685999
74.20578239505582
74.47719856837438
73.6304772648142
73.09632984535267
77.61749996501483
102.83573504908512
108.93898552083476
119.04335987191985
113.14380863251566
98.07973615383057
122.19683273586881
100.92635487161817
82.13683414842822
76.29536699152489
86.4554937853949
74.70805393967052
96.22093450819816
86.65806697702202
85.71743262360309
101.59158701793314
92.87282260802886
100.17619996568212
106.66674970291317
108.80552377083481
89.55218261492855
117.14253588449336
91.01742873197875
96.25311954127758
105.72923856547408
102.43507516201049
106.84306187192809
110.25773706427387
131.75065979777898
110.9963223067939
131.3607632874575
108.37470586377631
109.71007140039711
119.78040304486944
100.7767061763503
112.25905028822766
89.63719294215366
96.81856042414546
87.70788628534842
91.06125866898574
112.00597952787956
112.97273291942435
93.20397480172232
101.00940228827352
93.03894372248877
74.15750794107814
96.90814484858751
86.86219343013471
97.86266558178542
95.92422515354085
114.31027471427223
99.57085234083735
89.38584157207691
85.12227238902312
80.47051596321641
93.50532551322118
91.97602815137495
112.62722719344524
115.67579607202401
108.05393497546046
112.44889273928985
98.61130748791825
115.13188385258911
102.75804749047396
125.74580159955198
114.64601981867347
104.93458677468516
101.35804893453908
100.62504732363499
96.28649047861893
87.27098538713037
87.36623039393413
86.8661921823959
95.63368670935171
99.70780178275606
109.19722662989349
107.27139515012414
91.30481452925531
104.07602142928027
91.73146521839388
112.97865713883715
103.87072684084691
99.55182152876404
108.23385420367816
120.82516784173379
90.51256072004745
117.98759831351833
108.75730274541192
110.13562240632604
108.77776761268939
109.75705670798772
109.48120867306025
101.62180520066525
110.12238543589669
92.76060532231958
103.14920765932163
105.63138237659504
105.9934844680615
97.28203624267343
98.97357214190936
88.01021352711265
81.35101758919973
75.44663913880137
70.58748525330225
79.52753537898644
89.91496135489544
98.36264147707726
104.74589703755257
114.87504998783444
120.49444998428658
105.3461534543953
113.58655251231448
70.02728325833763
89.5202706705312
76.10572320221578
61.626014806079894
71.19164023643641
56.7617485082087
77.17878675746249
61.74719737906087
71.21856394833893
85.68719601752467
69.00526488497107
88.41196527735619
89.24085063708165
94.21296014613927
89.24922083916408
96.6925535098458
101.91299651467506
92.36122092100382
82.07542016308918
87.5776798629181
79.88603105061412
77.88593005789767
73.62426415976614
73.3129444793994
79.97371462329309
76.63810582936087
101.95444162233133
121.7282376512062
115.2853488722277
124.63607416330473
115.75410235460183
122.31100437134032
127.29155633130776
102.82277801862742
105.77112451850687
101.75290752007155
133.9190598596834
122.58510017547243
136.16223963300504
132.71879539622515
134.25219967565354
135.1011253275093
115.96247865969772
128.855139211199
114.56849703615134
110.03458192287812
128.41162730149114
113.1804854618606
133.40928321233062
125.87257880508022
127.63870437322205
112.33277104999658
128.7836486910185
108.01769160439693
112.85764958976259
110.22127171688331
97.30788455046476
90.96262611984429
81.12970672965119
78.00664732231635
71.4826592603461
89.3139477380837
85.25019946715052
101.61237457750329
109.55757369465644
107.23422199173544
112.22567796435379
108.04306205229199
102.38621140968914
103.4291439486044
108.74332406313854
110.82039275274158
100.73886852583254
106.95582804440616
122.38671411395771
104.35163786638122
126.7360789606229
123.4718909071403
106.99871424966369
112.89757180415339
89.65109292346679
99.09856319858719
84.58577143467681
84.16932187782703
69.63533344252787
74.54457054875164
73.56534339290752
73.78969164145201
81.46380662245298
68.81781489526509
70.0566306127384
89.54225787611924
74.97859051882259
70.32855567876646
100.56632575395165
83.73191784727369
76.47031900435425
89.76463797778878
90.87486722366921
94.00479754245185
98.89453421107802
98.33025355238897
89.01972442804906
83.86949063065872
74.82069314387121
57.845430407149905
61.92525254307514
66.14341311240034
54.97006651108367
79.58500676116657
88.08340901211
83.1417935185184
86.69355662847114
71.59722163003633
59.87225990183164
59.10372088864233
67.94265203871475
40.09333834499568
72.17323936565876
80.00493844645388
77.81411528743234
93.19963402217715
106.65787930131359
74.31632256050679
90.10342344412742
91.4955881131805
50.627128110554324
69.73841857263415
68.71869154053329
77.67128119700729
87.64088607895215
94.86270562446725
102.54775563258212
121.98296758404916
107.39706620502218
106.58291739712126
96.18470906747513
101.89983366484009
108.62690663206197
93.24703938703288
96.47461718843255
87.32530125773167
69.10605821918729
84.93346348204865
70.5798019507738
79.84844298129498
67.86315323017674
67.85678808583657
74.38994673368488
66.92583640086008
77.08057018156387
96.1654395141349
89.35177998965551
98.51269275420546
112.02949975841122
94.36598067442137
101.22997808744543
105.32782131418998
108.13407509532027
108.89843343946981
116.08471007211881
91.43916393540644
89.98307574777161
81.46735617546938
75.35174616362801
87.9296099371043
58.43111000705561
61.41747391432653
59.950345759142635
71.53345858499607
64.15525052439673
67.3220340127213
62.267055029801675
70.64943985319655
79.76230516566635
78.56271511495717
92.23850104445222
85.29710268578074
84.92805898949172
91.79801775693261
92.81499464239096
82.7645368789203
87.49879718787163
89.8757907323893
96.58222808013764
75.06522796547111
97.07878490152285
100.02580754007195
113.206439776917
127.55462557224212
128.75721504561906
121.92008704534172
113.07270593519638
116.49306299222425
104.55995770636869
112.66997435386841
90.20879314043998
88.45153807140564
94.90077837852965
88.1964852826809
98.29734759738022
110.42839548668582
99.33409408112516
121.04596997536984
117.71787087727364
116.41561690917612
113.03256041565606
108.04439969326748
103.34273767344598
93.49686508411679
111.09119961155758
112.26920569352967
103.87174793547251
102.48888692988956
104.40677420184241
88.50631042052977
88.768264797383
94.75662475752608
96.78507995446276
100.68609296993841
95.73906998728293
86.63811270002827
102.34562902234617
90.83304783442122
93.74387887833313
104.59470952504486
110.9156929693956
103.87047912432593
110.00646073799942
121.8905687618861
125.97365207346277
118.3252406123776
107.45539942369032
107.00206664721429
97.04667943226443
83.04171068507527
89.20508615237692
95.3218401953688
102.87256676810324
91.3475087972879
101.28407493526265
103.25324258128066
84.7119451234886
90.65264416729295
105.59380410821629
84.11483457834399
111.40533787068273
100.10060845124661
106.79663199461902
99.68746183716081
95.60571008601312
112.86509062081103
114.61634565334577
121.36966800421695
121.45748350224696
130.2860320066479
134.82191889460503
134.57982923920886
127.7227483442922
147.59279314923967
129.33388022721786
151.2378696393891
120.71798435057204
116.32370479192318
133.91968407270383
112.27865316841203
145.22537096537124
147.34246611192765
122.61467203428663
126.04542487681042
106.86318307838849
124.46689761542274
110.41857343684748
120.15999255316197
109.36534877225938
113.4343830401875
122.10003176073386
111.63098353162795
109.81941640268346
107.89430584657069
102.8241039344569
119.8586049842182
110.47961547749077
113.38250397522958
104.80590644132252
104.69197402932772
108.67394553637877
88.24925178574328
104.88056958404752
84.32474709171487
103.54671293669665
96.7053028185583
107.16803453030616
113.19969890305669
114.65369770923027
126.54241650579726
126.63179446220613
129.46797122043023
129.56822022333924
127.89908279920431
107.0098355567394
92.3646163222599
103.55133472729938
82.99260305726399
89.48141601767198
92.64406560478064
77.83573953282632
83.72799439693325
70.3679701297084
69.3306268092744
89.78529621391704
92.85023777937474
86.5726470530258
96.48848561163851
82.15952015932373
94.7792524218817
87.61484087073296
109.86242259709286
104.78466251001564
120.32259034820063
113.6555327538054
125.74638393395409
125.19931335869441
109.98647626519522
141.5950478940979
133.91647017390582
137.51759008049802
145.07258832250568
142.472687142478
137.27244360987748
119.44423342703914
125.39989669469381
116.79142152167972
115.72982828875831
121.33193349358564
105.18631832848592
104.13341037252789
94.315494993779
78.59166579994229
88.8942841599034
82.72397484511859
85.97678144835272
77.44161348351466
96.53162547015145
96.71633877792493
96.50356269221598
113.99717463774431
99.79544822382266
96.22862200925073
95.42201644071153
94.64406816190024
78.87779761389433
70.37243399678064
101.313258988152
88.52076950158498
101.14930216774371
112.0333291483328
86.36842241359753
86.62902325347306
72.84478055838404
60.07160137593366
69.73524943768132
77.14145540490651
80.4139535252597
74.38140847904224
82.31314947408228
80.61950503603705
92.43342467503385
92.17555469038878
81.72728556081323
85.02501443747093
98.41878497960576
94.56826303255255
72.3947785459111
70.83286037096968
77.47320681682447
75.9855713805936
79.07263390485505
76.50655285593072
104.6701954236934
90.49351296078034
106.84263065272117
119.18770629405626
101.57593100167236
106.869966520227
110.31849308853074
104.86334526140968
109.41649376390455
92.62578915703006
92.29605574454791
85.16867222952655
89.32484109565446
63.205858535419814
72.81709118548903
77.27399315547099
76.3936686604874
94.01865825038894
79.80529956001578
101.71268194151534
95.4113583809002
102.26041582384536
95.30648113901754
97.69105380540341
99.69463863541426
90.16442801284555
74.40210149944238
86.18523726415621
102.39117837743228
100.13941393746046
110.51864023096877
101.10149015503893
109.76404848722274
101.44125723687833
85.62866530004018
105.83989888528791
100.88579281720033
83.38446055715548
82.9925996308075
79.31985744359991
81.62964890180177
90.38377827946894
58.793591737829274
85.35715683979961
95.5265952799956
95.84223544237497
89.60264080206903
98.6536423153471
95.13451085455137
101.10745241083268
102.3051894362957
101.17745406273394
81.48549017097528
91.43971813346499
81.07255650396216
73.77152248962693
104.5911080823924
95.59465168181242
98.59453300563555
117.35134390133595
106.59469477626979
102.24610877873434
96.20157536206966
85.69460753394907
78.69812780547528
89.2901016556425
91.06812712449064
77.53185158986024
113.60355725348347
104.45513700532325
106.38498856826047
101.2192908906255
106.51343282888436
97.38179936280264
82.11140467109523
101.30872686292858
88.16109634231573
89.31810712354292
102.00314569130538
91.83336030839641
102.71244008418032
95.37975511470168
119.59219484066548
122.90541194991278
103.5306138364966
123.18977234776324
111.17039863859569
98.12976408038921
97.73123598966527
107.67881378973823
98.38907945821282
109.8322081049686
112.57724830112622
78.67299835289865
101.83537637580787
100.04255601633338
69.89270554861065
103.15931640477257
77.86521882868459
92.89769600439779
107.3131238443348
98.14714945723048
89.09706977149747
105.09065238729272
105.00299217129032
101.59806100723674
94.49820920529811
90.20275311526407
90.51289752210982
66.75185507513892
70.71835124464653
75.15434699199068
70.06207349800184
81.0581779684835
71.33091568430899
92.25652658355668
101.8160463388582
78.02501767288652
88.67579778266386
60.75311850061364
48.153804489127296
48.65154931936447
43.08552351734402
43.04453818711951
51.18007097912656
45.08622101250357
38.071148180225194
45.65199040585409
52.57685450825157
79.99190395451885
52.641369716614065
72.55564935124266
88.12154627843958
87.03006663235277
102.88878610485733
89.05413870048315
94.08653451200362
68.33771850328395
72.17255568453822
72.76886295518135
66.13965673141814
75.01801855387149
83.7050858628353
70.30387590291652
86.233347639243
85.62770930565225
79.4587805862951
77.18416389237811
92.50190081249619
79.79609998135724
96.32925602778275
100.71512561293122
75.68309649724145
106.07247637914341
96.61274756476644
100.16054797220536
115.04160159350022
116.04041594260454
105.11080194141317
102.81957258480611
99.92023770981356
114.011589826065
112.91470815638124
108.6362711018381
97.04642140603713
75.09142267296644
87.76787555607973
56.62046481364121
60.59328990589061
68.39446664327218
64.77098224450557
95.13619804910539
96.37798846811455
84.50458763750828
93.95506983880807
80.99101445855395
85.51258725664943
82.70809180114456
79.739459395333
90.4340018262319
80.4036902357028
87.80549882887715
94.62749993122324
69.97238865408336
85.51570728149098
88.16895337826722
63.083832371574296
80.49281248262662
77.29313262867612
68.03729770949857
71.16093432071375
65.63488872499391
63.46747110523477
56.31882492626944
85.74611890031986
69.26048354014921
52.11003846014095
69.74827199111434
54.247913912443536
64.97740635826531
71.00972080992418
76.42634908026426
94.15586364851177
70.85199993631704
79.08259256988975
71.51492747151049
77.36051478960078
61.460160655751125
59.95249273205712
87.45182614190736
83.99731232501074
76.29808729734759
76.19249961008823
76.65798409997596
70.95470181228904
81.07231625056119
89.82309118966714
88.4634239160468
101.82134927922186
83.3883759113935
87.73215066530011
96.10170239441982
113.51989533785789
105.83278917956443
105.02483806953359
121.97691029130908
123.28076306775614
114.75463061465146
130.91409039435084
133.94318801722662
135.51428294855918
126.57756068916694
132.037812776165
123.96480088543879
134.74309153504052
113.76927633724324
129.56798902730597
116.67658043729256
104.55335500525257
117.01140171983121
102.56705182944276
121.95096131103685
90.44270371775501
97.02280849370774
90.47010112010983
98.66786666621155
103.05641623004593
98.54980334937005
95.46371770303975
123.78058966707655
115.91040491583155
129.27819370830468
134.83243819920907
118.15191622182678
127.445701901511
114.51212686791254
102.85329095786506
118.3711033247468
110.78596079233179
116.17289617272169
113.46833309802884
113.76027481589963
111.65935979005187
113.92750310258458
96.61306820146493
108.36993373869825
99.09287511203692
109.33664225913992
119.35543781731417
109.3317563355175
96.40588022232023
107.06607312731012
118.08267538681616
118.69901693935299
110.21352877361204
119.04488633780213
102.1907412656011
98.46633988001614
104.73176870882446
76.68038575541573
102.8956070557254
99.8054872065778
104.0304059997811
98.06609356379255
96.15927066298957
86.06271818796412
95.33192594529152
89.40403467647428
105.69732163304857
94.8766296694649
106.57613278422514
94.58736736157965
94.0492348305826
103.31524431706899
104.49656062638556
103.71480317786131
107.25673401835388
124.59163920038318
110.07994650087207
126.61152054458725
102.02521263573232
118.96714190125391
106.99877467069868
102.90357050324087
81.46379980085773
112.07554686387391
110.68723420656872
101.68173909090251
116.07119437506458
111.5315350842788
92.29053605762095
95.57298841327582
97.6708112251672
94.4049707468242
104.0924908563
97.45040854221133
99.04794245967324
88.49250290723998
92.65901632066931
94.76605566876987
99.86806627976543
101.19458350299266
106.66431995155651
83.90280404654285
66.78116477057355
70.435539235809
50.944540748771104
59.78359819434951
51.33973637467108
37.78255570457239
51.327722206750394
27.19150073986606
54.645706074222915
56.70508393252157
51.036660103223326
50.114444025632416
70.05227434938674
76.1863427426753
72.36795047693852
93.7075265135872
95.18808054511535
96.03833321427811
92.65684728673662
103.07819476331855
81.01559310226995
88.30761992487639
80.51963138545456
85.29682493546011
98.56226991799556
108.95879386635167
116.70424591667785
103.51509994904683
109.20557359811113
111.20890403295616
120.16100679294073
120.19618599295501
113.53692566594327
120.57208602122336
98.21855378553946
90.45339769045171
90.08250298201756
81.57822941595049
96.94245674699755
101.71587786127986
105.9457796542936
111.03546650219047
121.34808174413587
95.33485293464628
106.55728660517286
99.01058551424501
75.89326887040677
105.08750440903185
75.86239725974914
94.75545802227714
82.48378025254792
80.21138638856598
94.93247560147398
76.923998578862
94.99478552452189
85.40982303377294
98.5056660989421
87.31067582280912
85.27370856471553
93.83664247574015
77.98225590432365
92.61031764206753
110.15283394989527
85.09322629435064
102.97628970779172
112.43923912561124
79.69728129506915
89.77768224583411
96.64701326869715
86.56517033456782
108.43443553877788
83.41662294867942
98.05381226573883
91.39952463935239
102.78396069210012
85.44166567984735
99.53893114983836
91.87254135317677
85.97626386543942
88.44722754152733
95.62331597423741
90.1437639021332
86.40446569096271
105.02449035425417
104.02725555505168
114.15843237207218
126.43176400232699
123.3373066879482
113.99694184779497
131.77509172611835
101.71064152807611
107.23893257577313
118.44504910261651
130.19121685343805
104.88949372734575
111.55871441964914
118.49036423043853
110.13226143343542
105.97518099152765
86.74651743843691
105.2193601787148
87.5689036567948
103.3454705322093
103.63299263224394
101.33574508246284
118.00850959784046
107.07794473638765
117.15224898453005
106.56554582357066
112.38128505374416
97.43562817546979
101.68185250745967
89.07229814888562
89.91087716731187
83.91066710037094
96.7379164625456
74.95580254391419
74.30242171561741
64.92861131487408
75.80623101369557
80.9232557640247
96.32558079562969
100.49523746871023
86.90428179288745
93.66815232069678
92.52377177467031
73.23983033551377
82.23403357743962
81.84928471135052
75.64953561919731
80.38229643511602
94.40105104814867
90.90667371424865
108.90426625320217
86.72398599484595
77.28576717598354
99.56034230352716
88.31801610194562
90.25262291924818
100.48845012967513
98.36503436009014
100.88590325266011
104.09223855049544
85.03375088451529
75.11665841333031
86.2526864655373
68.93833365605093
83.11931759071251
102.9404055521521
109.71727244914788
113.79424599910675
97.84712516934002
108.65650569694321
86.49228023327535
109.7200348449858
106.20729560838157
108.4479852232742
110.85819019883294
116.17983355759867
110.65914454503087
104.97130766088077
111.08199546320662
106.25930234582549
122.37830457169161
107.24683730332717
119.95497980340875
129.99202241041922
127.04500306315921
126.12075469702026
114.12429331842654
118.42960256044904
121.34634979023988
108.91411849413839
98.73413610566874
102.9068535292802
99.92996815639248
85.93733304139643
92.57337308106055
83.62433007932698
68.3570377354765
89.21311061096188
69.65187703189905
69.26538821741494
84.51571063317442
93.0482905573758
91.47334496620715
99.67841734322155
88.05392696143525
93.92580457407277
92.12077772729901
97.74431209755895
97.15425176459357
98.83557607676119
106.70837122038367
106.73261994437249
104.84936750001987
106.15351038308185
110.77509120064616
111.03113919877705
103.00897562828743
86.93130768491619
84.26253732231349
90.99219456526137
72.24825187733973
82.72012388207617
103.13569906516693
93.24114974276301
119.62985696223043
103.77270282457295
105.18153402808991
106.44306179144223
109.20641581912705
90.40923273120124
110.35491050034108
98.31600058103706
94.74553653990355
93.43711883718072
89.34032550645935
104.60157185176462
110.01263180423695
99.95909358103978
111.45028803762355
107.78035053099967
88.36470960601565
104.51525437891914
89.96920822327529
82.877799632771
90.49293565255195
95.14120034633035
90.45926003953457
96.9733894173194
102.6385688502761
79.26581260872616
94.59013306851827
88.45558578368966
91.90377979661099
100.93557300412607
91.42738770832759
101.83335868263723
99.45438534174889
109.50175281150138
106.9746569310827
118.53644919297167
115.6193421598629
115.45860088433128
116.57020292810444
110.17185816565669
103.39466207803312
118.1377287121096
104.89800777657106
95.06530253069388
97.9090292580805
78.12369477692526
87.4643262094178
80.59037993135863
91.1121074945394
98.01206609285265
107.59371650799054
86.85082586712113
89.23126637332324
82.59351346581296
80.20519973641208
87.1191750005787
90.8537551671035
90.49812139098773
89.3094036188786
90.68619123314514
86.74991828426876
85.37489564609663
73.02496461476073
81.02183969458343
85.07932943961191
69.80540424975885
73.54534194506509
85.65387715015615
88.63189803560067
74.60936663418775
85.29752394725875
90.92902662181527
79.87318469043987
85.38566933938782
81.92303213437117
79.57646872126296
63.121713405459644
67.18336137419986
72.42253628704587
71.38156295744304
98.8279600502841
101.9615226309877
100.16953075008001
103.66133142858777
89.14340845969849
96.2329279063022
98.14420974803522
100.64127888097735
105.63852673059665
96.97650616003278
91.12785657358353
93.03080609239225
107.56997123065707
93.91591590422095
109.89473782843271
94.67376658686251
100.60723848037091
109.00331257979153
91.71204207675547
109.25318657231048
90.65914949224212
101.28403449302633
81.1117578100646
94.35957264085582
84.80718333252213
87.20717741131432
103.93676988258176
93.52040852394822
102.86641502957679
126.59764262984535
102.16701418708732
111.80425248384662
100.40749346327374
102.27539603521444
85.08385162864681
79.74594706286673
99.35732419047287
80.43371010341019
99.45044186607359
79.4073766218697
86.68416303101417
86.27777212856284
94.33378089001681
92.7300220446013
91.73273850711263
96.73335841597438
118.19451904437855
120.01420301136082
128.17995941239658
137.0874020515134
148.33424798594245
142.20213824791068
145.81991347557226
121.34992850237438
109.49635930394916
118.63928638677422
110.42557486627479
117.62219812801263
118.64166535034104
138.73896187841643
141.80730611900228
129.00418423295477
147.15190885180968
137.82807438730657
124.24953517828351
120.14115620709899
129.6497198893179
102.71298788320874
110.48874088224252
95.39647046189464
101.5418271725905
100.66488645093403
93.23473806090874
87.30117039132796
91.55766091840981
105.31850142823924
98.79970137995491
115.19354560334708
107.37367335826002
98.3955041768817
106.19879250723938
104.33898015055962
94.053480953764
93.30083190270517
88.49341911422215
86.33342672096451
95.39920575600445
120.08609014305787
120.59357601729897
105.92110928042158
111.195248041817
94.23547635356167
101.41933544659838
86.23156227043823
84.71079625296471
86.22876791473823
90.70180838874509
107.25675800906478
108.20430532336718
111.70031806215715
110.44849606360137
108.80653471408672
129.466712468002
94.6639774533746
107.7651396687728
94.87367050016519
62.983435984397794
90.6958555903272
77.70957196850742
81.85948683855815
91.32388951556683
81.07367173481987
82.04691277156888
82.77538703245733
78.49577583121018
77.77432127112347
87.61913367757255
85.9761868487026
95.24553675112918
98.90957545515545
67.1895364964384
90.38449822813757
84.84524890846305
83.78402506676034
93.63295521356079
99.31635478634502
106.98175832282348
117.27939981748108
111.57423351501072
98.64768925254114
90.33258143032526
92.6210654550261
81.41344550842942
74.04270136216726
73.36348151134014
79.00981383258437
62.84052601230248
51.872414251420594
78.49137738050433
75.705877407629
92.06089986048497
86.81181442619251
95.59791419571116
94.95656294720746
85.05421582747181
86.03743998627658
77.92557629900327
76.66517248501671
98.82841996744341
95.04971390884964
113.94256024145537
110.39894823483453
102.533880580962
92.33685490519139
90.47288432251975
83.77477885030925
61.51762706730536
95.30679318635373
85.55602888787368
93.71572249313405
103.81614881887958
113.08993955386427
107.52586240094217
96.20859215219312
113.49375885907173
108.21038105777777
119.36782730219011
134.3577181763684
118.64728790015363
124.11846360193863
121.42866160316947
117.02233281086217
100.50390340449943
101.36872694196023
94.95078010639722
94.99813419070128
93.13839449533572
78.33063458799629
84.6363163341143
81.50276212433337
101.69392414542654
71.99826787674286
87.9327017221788
93.51627573880421
94.25705343053235
96.6702794788115
91.37289029201037
78.79274301662215
73.30271883338487
72.19386593556294
64.29006608946437
84.66933596355906
65.94286707035698
58.00322220786728
70.90148660466016
70.77203830165851
78.84372117287191
87.69099726798316
82.53420910417594
76.98159670073434
71.07713306719558
87.46209748938394
80.43977389311709
77.11595963696647
79.0571624637738
86.57105212094538
81.37769103919953
106.57691328277875
92.73371799377152
106.97568461551842
99.92305272735348
107.92739922286529
92.66370953523158
105.40718025057313
109.1223663062649
98.70843900792394
120.59039240209825
112.92033818049799
118.7507754024657
105.73876069556997
105.43385291193042
101.44720734106701
104.3007898213325
113.80426861555054
100.84283456386575
100.30025944866526
90.94357939444563
81.42460479611432
77.12785438563631
77.37620654225887
77.5372702003267
75.81129108355773
66.42997654746029
79.63889548432192
76.16037574662737
76.6217579129256
70.61910959204724
82.6048191873042
95.13632146491861
93.84939317286538
111.37096484423745
106.14132420571036
98.54529832492659
125.81684763692229
120.38279892852316
95.32847947724147
93.26661430367989
91.88027733341305
83.04858755036756
95.41245043158142
117.54469107535542
129.04217292402586
130.76143620039116
130.28976904251257
117.9675805909987
130.73969347828634
134.28090220238667
122.57736926934362
109.2408542881281
108.59345926017073
125.56974608074884
100.8614733903346
97.27276737973543
102.90127201376416
96.07253082220157
101.40766333782838
110.37086508090078
103.85738889791463
95.3429301906329
106.53928989957896
100.85069718295117
108.51072869679038
99.10369723294673
93.422664519893
101.04474433337921
87.77865500721933
84.93841978729424
69.96399957808188
93.3021973311269
105.16488645585187
99.05107383546971
111.4807533031584
98.21527065021496
100.76216860122287
88.36684153962213
77.2955189990299
78.33790790433127
89.96834862781742
68.78440432307741
57.71103901692163
71.99271881033826
67.32390988394866
55.05673143793429
72.501757487417
46.09425421143992
58.013498855894824
66.64381923243963
61.595521216094056
74.73795821459802
50.12855090937053
78.72486200148894
86.55376424092688
79.29913775432493
105.458469869601
91.59486405241873
102.64816449581355
113.94376739366243
101.91132195771834
107.91646741558125
105.26822214678864
86.94706829679558
95.01992817769059
92.2154224594581
82.67949001725523
74.1962951261984
96.74910672926336
81.12915824399838
79.3060960187203
80.66630372641445
76.56660984932121
65.71410079477934
89.6241004417476
72.1116581284378
66.16931082001355
81.31705969283624
72.67750370819743
73.77608185845159
71.74657384813224
81.24814132910684
67.5092840159034
43.87314284412955
68.07452018299418
65.4615727617335
47.2994324738529
61.18622217543197
66.50939265949012
73.67167585657484
73.9181198960874
71.15981565933834
62.596314592925985
71.93991010527422
71.13172961666214
77.28552425297354
75.0169298471798
83.98224433985824
90.43245479977288
83.18561386730596
84.17121888669988
89.22980813298182
94.00910972696596
94.0171419389543
75.15534493418528
105.89993096028476
99.51177132029713
92.19634958712132
115.82153147623663
104.17330407538282
107.02645501873266
114.8873754953031
124.69469633204201
120.13447012035036
117.4570831733158
114.62301966512547
111.15236868612857
111.04842284980347
111.07829294792742
112.71189142782515
122.5398443011122
130.8436430057251
143.03422303801625
136.4525450751289
133.7268193371757
126.10233387518406
113.0332964695441
116.67989260196276
106.73068647320073
123.78590968872737
90.07691240607704
91.45469717370266
103.07342531335956
86.63800891933211
88.16036285447659
98.69683340139844
95.31423569133946
81.50871041345727
100.4887397216178
96.85144881681407
101.59414069559719
108.9858065971406
102.59925035291982
80.54198633089436
94.92139305549622
81.2239435976065
91.58492676623777
102.44531493301449
82.73471646111325
101.46464729255803
96.89828010419473
93.31769138390146
122.1086015738357
106.07432197820765
123.15286277308337
123.28982532155246
115.63148914811026
122.47933139488543
113.57226049310168
108.3283399598294
130.02221548801353
113.98585981704878
126.75109358310615
127.81007863103355
116.67447128120503
127.06181624840443
119.61415688593357
120.9899884543922
124.6696791098947
122.16741417047456
107.42795042246013
111.07634424926908
94.25733658404587
104.60351838947409
81.51932222072755
97.19985146694228
105.58887613688162
109.24820741996675
125.33289054296606
132.15570226626534
118.69659928246827
141.87827066689198
121.0249291591519
157.37112239549305
143.88483826011978
158.1093668675437
171.41869473794213
140.216809641211
124.50255918052048
121.61040230071734
104.08682354898815
115.60345671263809
121.94026179172172
102.46012413656689
118.4300426790241
98.30546401628447
113.25080545035405
111.54432317385553
105.59863864583204
116.12667315003821
108.73270733620254
104.10865176814946
116.46646198076598
98.73210926939606
101.77089462413355
90.49288024102987
98.4548965834372
96.31373119544398
91.0234937054158
87.3802537911057
92.76294486040305
82.574847988697
79.61201417398573
81.09994271382413
97.09174526737323
94.54305586511128
100.85536674478897
108.92493523449119
111.30565552297344
101.39521819972404
100.15236324405126
96.07836291232994
88.99363824395999
110.14089218678546
103.47168104207839
99.20834217781831
116.22430308730912
79.40818468954735
85.7271921016607
79.595173355242
80.04365964765343
65.01710102639039
105.9666530584544
100.31100956623044
101.76475098330445
125.46325408626976
115.7600757148906
124.71217828184851
123.86689554485977
115.23802835936655
135.3447061221897
127.10557973435354
111.37155963342985
113.4433177586551
102.31104490189779
99.87220063339714
103.35268105978781
103.26206375093619
104.305558786219
104.90154728126953
98.05659173262691
91.40298439001997
85.0183404886704
77.38905370582832
92.57294816675383
109.20261590315053
95.18267559392129
107.88834463511785
102.38671563804743
102.16280113463327
110.03482192637782
96.45104964853437
105.7870934121369
98.77854763056803
93.00086389482098
108.40057969802658
100.23921686410978
81.84982069635774
97.2181200383313
83.21613842815484
72.33801418780871
68.1967323528599
74.27005918542969
87.76024539812082
77.8655949298984
65.04153053158043
75.97847690220246
89.72170945413329
82.46051495021942
94.50409714247075
86.19887547033233
80.58570882425279
93.7970084660491
94.3991760846215
84.0570769847802
95.681