102.5293367686862
101.2511169733371
91.74030720262643
84.3960607589461
93.81357258317593
109.15521897096042
129.0679319890701
141.08176698706072
83.23137180365467
94.64589193636782
87.59387762499524
116.24258714752274
95.74383156173924
107.78485232046533
105.67050894663517
100.24500688929717
119.09369473374554
108.91997325815404
100.41133092575035
104.96521603032717
99.62904932888209
102.46354935432433
106.16411717947558
103.75184296661824
77.83083496461003
108.25031425255429
142.61617346152798
124.57398937538967
80.28239006858033
93.87043479457584
110.74631480870191
92.94644080561554
104.0072060718546
100.82609473591219
106.89663067708288
102.67520873044738
108.4247465914186
99.11804950300836
84.53739126633309
87.76114714162526
110.9587443186116
98.56608986077752
129.6189072188472
98.39108705815276
93.53805707094882
79.1775629458577
92.5539436288672
92.1058762982057
90.43062173196961
73.36487666543053
59.97955464543035
114.09648839205224
85.45276276425044
68.48573598069854
99.14453946937529
98.5261956775621
113.80641341699064
69.26062230514295
118.23550680740064
112.8685740558148
99.38109778456221
115.37693401493141
90.35147600106143
120.36104379930352
100.08496392363811
76.06190145507398
97.13416898431377
102.11369112324455
86.5720380195578
113.98817498370127
85.64677518393235
151.2433797186389
92.76989859290615
115.33270767981723
98.15497414022379
100.90512842109634
146.81729472654152
101.2392953276911
102.97586488348271
109.48588782803145
94.63688240900103
123.09303922748103
114.27943310966594
96.80335480609679
96.6115892168793
71.7594260683804
82.01164977508873
84.95130628129476
116.02647575676491
81.68966883086165
80.57492943009049
105.13376077462682
88.68861897913891
84.73107618938913
117.40785371840488
94.15607062894179
62.166375354765954
121.87674462220784
125.48296018490748
112.86096474907261
113.31790901525737
62.28769046383226
108.3974529356828
107.08307112295915
89.37446424710728
96.44760346159256
98.58012108709525
104.73855932695594
102.54048735072976
109.98639457538783
85.76445004198868
78.07867551006007
117.26390602407915
100.04961500655145
83.27375606964551
91.33459097719265
82.96558621176995
112.37946683495403
79.49980968576611
100.01930096422815
97.61700842796364
93.68079250568664
99.30865606772929
85.78774818229375
106.41208902763418
85.50071314083903
79.54344994043399
107.63268668294205
61.29683312773107
115.46548207791776
99.9376303067355
103.70963469987954
101.50156830672056
88.02478689928456
99.55770912529883
90.36102095461754
90.24201135100567
109.03671816029606
116.30971256015025
114.46882729891352
75.0835616453678
67.18804398693533
76.5359096371622
114.96926364624208
128.6152335075754
69.78471004764727
103.54556902138036
78.97385632821494
130.6521936375268
106.02312294334467
94.48686686214285
115.75042043169469
70.17246711528307
132.8610325342867
120.68737391155052
103.89966924492028
90.43311601017726
113.3139132212349
117.99674944315873
107.71552032608415
61.01201682139083
104.307400152117
80.25418160921362
107.54368810416794
118.8700648025333
105.53075814489546
101.14552418075947
109.63949658031777
109.6253325775272
119.90616540953391
81.27667137280986
62.37739787146613
88.13929197664008
107.51530855124903
87.68460904349075
74.0515999572637
152.34462095628663
78.44263732135016
111.40436847337291
81.15921828605524
96.84201978264267
107.2330389661492
117.15067355389377
95.25779921872116
66.5562606152492
85.16147577988156
82.87984395137897
116.35659114826477
47.40215401977571
102.96182822227232
74.95976178030588
81.89815282487928
107.05306046016555
114.23208833724108
83.07605225825338
141.95986616711247
109.50886347364019
89.94701929037394
72.13387339566208
73.80636557108122
132.40758606068087
118.97224799030815
125.34068043349282
98.79432154074667
95.4995954196655
67.96993416369283
96.24545513634781
84.86863941289991
84.97833911346206
67.89901051267901
115.29795731228347
126.27267314098339
110.53413635897081
78.02744219203865
97.95417526768787
128.92238310782494
89.46881780044302
117.52996888284912
128.5021838963079
98.33501961446528
56.26524569587484
88.130994422107
123.5855630969079
85.10840151668363
131.3652071090184
120.16174245516744
106.677041838601
93.76840835623288
68.96821442680401
76.2762251044087
99.36411006014006
114.40460089548077
126.5876531970161
121.7301714040675
126.26523404245968
93.51468372848394
113.6270683975282
90.22001373187472
93.31330547111052
122.96397018160415
94.3040668180993
123.04016923840747
66.74298367494717
81.9033757695115
109.57497433519768
116.03981580097573
104.96436702326261
81.17275865274392
78.2668744124803
104.37394813403324
88.19425580985708
82.1614364093507
84.436242594148
126.11471394008475
104.85878253879162
113.01365139516356
102.12245962860855
135.5532121029839
129.39816263754787
99.56131973495509
77.82215726480214
97.09074922475338
87.33063945950525
102.91332980089177
91.8242443702479
85.43273618993015
86.73665894339028
116.10203094070226
69.21975804880607
108.69904691795458
68.23832137574777
113.50586608957366
97.36747199452935
63.79172534635274
75.02528948032801
121.76900954857068
102.10453949861537
60.77889336978193
107.7935279354448
71.984584982383
75.62242551217794
96.71927017914372
119.94445691279257
103.09872676420432
40.37458485865694
78.13130773553392
96.5206521713954
74.06362733134317
103.27218055882912
111.68245947616808
135.6320723925051
84.87484121396564
109.0713705217066
126.62327532429401
113.24591376487072
128.23322161870578
74.75370762613085
95.9087305026664
105.64961396728842
113.50843570369547
115.26398224922993
66.88069127566357
112.41434957675942
101.26628759494201
104.29372436751146
112.99386438233404
57.74567809473415
94.65392246157127
89.23291073452884
87.29932085873877
93.45407970008523
116.14297499169595
112.40913257692958
108.60148384242274
70.3969759276857
109.06960050716486
94.94318961251963
86.92441150170555
103.52019846173216
98.2858229313625
83.30191651098772
103.70990405023801
60.46361116661648
66.83069554649624
109.63453331186435
116.96472252388251
112.02116423758747
113.43655008974335
115.55050213183976
106.32740224764268
89.69618429394342
90.34803291788995
119.79960595169786
97.9655631675555
121.11735057719174
80.53458434997044
85.8813517003354
80.56123074406399
95.89368801548252
104.87854076373786
104.91212987654131
102.48405916133227
73.36277180412344
93.75595183168545
115.5647568963034
90.3287129959187
59.974971650132844
80.24981150362007
80.33888303249931
111.18245047694818
100.3521091269002
117.55411501382858
60.157982607652514
104.43672706091772
92.8208246966966
122.99924993024015
74.98099135774518
105.38345410941281
106.28685329786649
117.37520005125269
100.70935869715231
78.89742547198409
120.01305222255706
87.2326382707551
101.32503209472904
123.18786293625752
103.27826978139606
73.39487761761575
130.67046908558802
91.48177197725211
87.84168473765362
95.75748400546821
67.46151686083198
86.11273785787702
112.44605322793552
111.80198160242963
102.91626164479037
94.05924991706041
88.8054118946908
91.16228236671392
131.54683142158166
82.09636721265024
102.28388438892324
90.85378469943288
79.63262929976177
107.5249373342735
119.78068752019642
109.90252003064266
52.524440849448425
82.16301383994936
127.92322087893086
96.74996800172548
116.74174515453757
80.16905318341632
75.94129050312726
132.87357375956353
89.83333724991644
115.62385985566152
120.52377777549573
103.79790640643512
115.07018801421911
97.11825711695664
124.95816329615045
76.8362911805016
106.63971506210365
87.10673454155766
106.02107550933876
107.47874995376672
115.17786893124263
102.0955103118695
125.53814009857612
97.29245907803161
87.68676500873433
107.31003545497379
83.83732105419621
88.4520259223653
91.75838475903521
109.32297659175009
95.68021523321922
91.17058113122879
73.51238858190268
110.57421630897235
64.66781842512958
79.35048833548788
79.11418214475455
69.8450293442773
73.01256127087204
81.12200738056858
112.77356378904692
89.73213774106696
116.3844686010343
85.28352021118893
96.52299454796412
108.23269653582267
92.9371743701378
98.91849956731511
109.4791255973871
93.16955765797684
79.95732383368919
120.22379208655524
113.47612603357504
103.17865699315388
102.90729775505116
105.72604557108251
105.39667319820576
93.74768891224579
93.22534502698161
71.966585432217
98.06540839775934
93.1736197205033
55.47122191546396
110.21133858700279
120.2111744815266
112.36684990747206
144.31705726529898
117.19761734924215
91.57519679746368
65.69062527028859
85.09314070556405
106.54418192784622
114.03601456402606
113.3449044267543
99.29335395988376
98.56096646907906
78.12321583217766
122.84716041983427
93.32890157337926
135.29546498897216
108.35877119702829
93.14406251595828
114.21381827450485
60.39461049662057
76.4392646083326
80.22292286052591
109.49340205705968
64.12784030328713
49.259679698351654
96.87697190089848
100.24589665024831
132.47251864864353
127.1644543492728
109.00240823712683
102.07027146417296
83.42303019355901
52.29949598765424
101.47460546555074
128.41289741904401
84.18613034223041
83.46591841293639
103.12491463812616
116.83347392852265
99.65052058834414
85.45171559767955
108.33616543736761
83.84559802554173
113.3735153080649
95.93320509325159
98.19245228100424
112.05471715788237
112.03313187040611
101.02962450290129
84.026251005303
88.4023987765022
104.56459298271697
97.43116380396695
116.08391687470908
97.58330044584257
105.1368161098202
97.01575913406731
113.67029344484448
107.77336035981993
100.61801700320069
136.24072710535614
151.59985872991746
74.49816447387036
80.45923053081108
84.93586034977729
91.04042691854025
135.62975589215054
81.0571009756484
127.92610829217875
123.89409572117556
75.37242431495838
100.0602284083322
104.2512118728923
92.72750894230016
95.46877676434113
117.26903250561733
103.74355082739179
98.4323146682958
76.27324955850423
116.71833037138401
104.19909614807709
128.15913080059747
100.26579401070204
118.45486591965586
109.07607951073491
104.80370262837606
141.3395546296941
80.77971722038893
132.13005218927236
76.35240115978372
81.29081042256718
97.263890672373
69.06841505023218
111.65994957775892
113.49156066536368
93.67294540196838
129.17959466431705
108.95185786458293
93.61083298819021
80.60613505487227
87.6922400126166
116.96310577924311
102.80481807644391
125.75844397848536
131.15850532309386
126.68809279730276
95.0182511283064
104.3750598662687
132.73574583444054
94.19186056699442
81.89927385081889
108.55443061911372
106.33774827959738
133.23952654499845
115.43477505339342
72.69385660502468
110.16293735762588
121.75749199329461
121.58972163495632
112.95890627632176
132.5312385350603
82.01174100982257
104.46466640626929
132.77815653588954
108.7156735696622
104.94450163047463
106.98816009850019
77.36135687240602
102.66920455259324
120.96391190209442
106.20826317553488
96.42580727825136
108.08358728233368
100.6268730075533
149.1117830089587
111.31175214884922
60.74937227787556
102.57256673643397
111.16756292586997
118.16869826895685
110.23942982559254
82.77476372686229
67.93714840292378
69.00173956736981
97.68785246137267
115.37356864040112
88.98483297870388
107.89796488190576
146.44187032353148
107.71931617929759
77.59812034903258
115.56953882319495
87.92668436344641
89.83153001741358
113.33666673816155
80.47048085821034
101.63183318083117
99.0196888173624
118.66634171098823
86.044119925617
94.39007592965139
86.751635102179
82.42822623591017
98.95884887088592
110.31091545550694
95.03011666329408
104.565376691782
86.03846559551754
93.11682261465137
121.299365713083
87.06750239222644
101.20293220323467
131.59273216413348
93.2927698561901
102.7280574048896
77.49606604293695
104.05060436859698
110.53977521121617
50.78493816523834
113.4814001806501
112.63985988040662
74.29712811823504
120.38896189571528
96.88610620927022
137.9183030572467
88.43653721645782
77.30340481275027
66.77241748063896
83.56664324862547
124.35739440208185
100.3629684960442
106.63601489087401
124.67036680389815
78.38499287200369
101.12237995660004
86.18524575919568
134.95421329009278
95.79712469154077
96.75535632163582
109.79366561718733
83.33036701690448
105.75936723087723
108.79966957681495
95.41962175342552
71.31769820851974
101.38519892020936
70.59423977779605
69.95862249328268
108.30639560720142
85.5855879025295
63.82297514685497
115.61186678699487
96.49622713003045
75.24421748288971
112.90520951680477
128.1501409614088
106.24146016685458
91.1746407363704
101.2642363468524
91.86130054015922
119.0157289468613
86.12681104209135
94.97447304321625
81.28438051290783
113.96368261012552
85.96684630441585
105.31969718092742
128.68171854232173
104.8554709800872
135.0742419097307
107.77182766896196
102.48365027025855
92.89421082470666
98.79421962695407
69.54901902206754
76.26535853205739
72.30600817440326
139.0825137114449
118.91457050141167
82.63926751939333
85.11366759615994
105.92156478890895
100.18308825992135
98.50603561685914
94.3747272570196
123.23055206054303
85.74533003993734
116.15231541696552
102.41397427988409
99.29842464489398
98.13001326776245
100.86720442478428
111.20333511892814
94.1320743317178
106.67419540244026
77.1422385000842
73.79106050909418
112.6707294363716
107.5345237332824
85.14510659147503
88.60289439243631
72.48381977119448
78.80973145396761
110.90079904701996
58.09501909725247
97.32511189029442
130.14295997659724
42.380832984012606
75.48524323543229
89.78942013058965
105.20255294015985
107.60719592043756
98.57041976643207
94.93946084889316
90.27447468200262
84.58623891200148
90.00767447531503
90.65329901066404
101.2028098241814
76.73106299764422
114.3477306170805
96.74333396323351
109.04284323696635
80.53290978963423
117.88738066430184
134.30555980574124
102.93422073160177
127.11776451255037
107.88673659324431
81.32634083242043
91.58470733152666
90.90194122666162
85.61687099805599
69.4780511257977
109.48233660882612
115.27702752353731
79.2677539671087
76.06715896799159
98.05766088858876
114.5428016609152
68.63030924843771
131.0278604840957
103.12802356392143
106.0939922854279
116.7592020671292
88.55130245189143
90.74761516015165
119.03634424975378
56.42280501089394
115.34819379871037
90.55983848564742
77.34886686719963
119.59768595158253
92.29625130648726
116.7947962247141
79.50300361752647
127.53879188622331
77.03316352080442
96.45002196122401
63.37105662943325
108.54010053769844
92.53149269807298
93.56775656119108
121.24147773135451
101.64335817789623
101.85117633955625
109.6723310819637
108.67363142075864
97.53110735364314
135.30587070292137
89.8173275314477
115.71767368175217
110.49027880026443
105.48440402881646
98.69364420073231
98.55294414917638
95.7749155655348
102.26583162621093
99.33485956891121
96.93813677658683
127.51959429081954
108.38028008562247
117.32958855362047
91.82419673038036
99.56355235087241
79.1295478154897
71.47449799182105
84.91046267244162
96.96475973330551
115.2126728092802
108.37124171368728
74.87075531310435
104.4792611842698
80.88043637037862
78.95721713519981
87.5401005310093
101.03358705320667
77.25706589024306
80.12813671124282
111.4261301188892
88.17181280064142
84.07389482567963
112.72583843340571
134.03252029944667
59.793657133876195
100.1145391830335
76.46123569212291
75.53104889194944
83.18264114043185
95.68774843827833
116.11647138324007
87.03781491007511
113.23044848471272
101.01301085356849
71.0225488111021
119.46899816288435
110.47239210381417
87.0112207937002
69.3111879463552
104.501080413032
85.74138146757234
81.71576820056531
89.77218655940948
89.43884944819405
67.28590790600818
107.2134040866895
99.56272907453204
113.40142335157792
74.80276133916614
90.39236025864513
61.33951585726173
106.12716183069206
130.68091393400346
130.69695933528297
65.9464575017767
96.46126767525855
125.5217251042645
151.686652803789
129.07316058461234
111.3327811317009
122.7607072528621
90.51676503958602
86.6422608637038
148.35911255091986
66.88216799998554
58.223481537466235
72.2093723902967
79.46205441490228
89.96611333074812
73.47622402644953
98.84704496348886
81.57018722153657
97.04867386700536
114.89741065323491
93.55561741260097
120.43781559981907
70.80554920127865
64.50859569852027
120.17322561975308
94.6574351707551
111.56589633729725
152.99618461802302
103.45965312656583
104.90040212861548
127.65105552009226
108.11512640834763
115.51291599229198
102.06840367642204
84.98851539764865
106.96931355390258
101.07163738002389
63.116850334870584
86.71840101352139
94.44801185652373
93.95720656184031
135.31243049917438
77.48361256973519
72.59227074784994
109.17512567028204
91.58948088766557
88.3822863635258
99.58789317565147
81.118576092687
104.33451812348434
48.01315329777101
76.88104202873555
82.03178366836431
119.19111460731142
123.17699906843735
70.90036685662537
113.61639624519077
114.98414637002669
87.97008321455579
131.036143243406
73.59637008361321
94.91515443090495
100.10158127929483
94.435139744629
77.32177125076547
82.00369294030821
107.10578951253449
105.34625378592418
99.87055352218907
123.41831200912652
94.35423607790328
113.02159458855006
95.0534660575981
96.02330472816287
104.59904139775615
136.74754991805136
99.31487311368139
63.01112863545501
83.54344916907534
117.24071204898694
84.45074949350021
154.9796561215874
100.53823413907787
84.80109763884236
91.87662086171234
122.68213918821542
104.84303545036703
98.68181792114049
112.76294533187746
117.42671948568491
102.54222499888215
115.8162828544179
89.68621360375809
120.09725682179717
69.08444864085392
111.95966269778805
111.47420289849231
119.6117457778645
102.11949522445909
97.98467425351355
100.45235573562451
91.97494003246346
111.4618776573148
94.91223821333361
65.0288861667886
115.51103326110908
93.47546931829294
154.15537295550115
125.07059618767771
108.11524273544387
100.03973678590326
84.51646841581106
109.56060625076432
109.3228926768562
81.01035225711182
145.87307506346025
90.91264167519569
93.11012544061373
116.43612623939072
120.43531437846056
116.64892562512847
92.98980935523153
112.7696043930982
68.0304794885619
73.56661970326643
87.12636476843994
73.42551313726537
102.29318531826823
115.29314009002456
119.66707969031995
100.18232591282745
72.30226867171491
98.96606649779264
67.44644260676311
92.00768113596787
82.71041491651977
114.88833522328298
115.03597355877612
101.70740631653744
85.24050605606084
106.6393504516949
78.55976580682116
73.73206531011613
84.23088780714566
92.94127967482365
124.1515391618048
85.51793968524912
127.17623167989258
78.18182489447369
77.74483223337471
109.64893085233541
119.42660426142726
106.89599751765181
78.05088260230454
95.13106638305777
87.94260146906845
121.52922599057743
118.72631145403129
97.04418609572366
92.2132700190383
87.48312614357461
97.19648202932609
99.85422739688424
83.63014832706564
106.03974035996362
100.63332818946537
119.66178566783812
82.20848622277627
92.28420568137554
112.86256658145484
88.15906454385379
81.38102776801325
112.25368980090408
118.5462867250744
91.7410871044172
114.57904592901824
89.71784345531859
116.9696534434273
117.60695164085166
98.11469056136116
84.61712791963612
136.97069362704895
64.44962793175426
117.28090905006886
105.79632074174042
123.24201736459486
97.42333806514546
62.05619907720239
89.37342203949733
83.17298689811375
83.92222055853414
77.37739426056159
89.07534068051282
78.59690182324603
89.87885612916806
116.52801741928607
102.64905320893737
138.11879510451422
53.95038998821676
90.3015627081273
97.66099247503566
114.72393951808223
105.56042384105974
71.78344201382326
84.07843059424751
121.96459785612494
102.32495615481893
100.95320330128972
80.27530547184892
109.29256802388755
99.530412213293
66.39929504720754
128.3739905823637
97.26656103208731
116.91476701064215
96.39425387323368
50.90778835934297
118.99728907421883
112.14129114098672
123.45502572241517
96.83029217713292
77.86566475835222
85.95828101177094
91.24461984545573
84.15219605877685
77.51330640628369
85.71220946170374
97.58586490934384
64.21247597724792
78.92254749018224
96.71133768424478
117.10137024342829
89.28705456092328
103.09676395338485
109.80956301068673
81.10981444705261
128.29388491824028
125.18239014850182
112.68765353538865
108.82093263787935
83.4446030394179
48.4116989613938
122.64905110818974
109.22148502437621
82.82038073212001
79.37687727573507
106.7393959697595
144.39626333152322
121.10795354277522
107.146236500236
98.37946981211826
114.81718328180351
105.25163993710174
88.90347835275894
55.451610961043855
110.57163866090156
99.00322606162773
102.31823764723698
80.83414871454377
87.8725173343808
129.35197368625776
109.70621179335909
96.01765952658378
74.1086330244584
83.28103466587388
75.36755391751295
86.27879530855151
111.82523025939739
76.94066203442107
103.40413939085848
108.84365370961945
110.64765793634766
82.32281827320512
100.9518957848848
129.45295803485857
111.9644528444991
74.7697758113291
81.6359510196353
119.69098410406747
126.3032701572374
93.65919931857381
92.44016487047057
85.25450742731017
116.44402143454057
106.27703770649501
104.89522397883621
89.27145545824656
133.14742818325624
93.44451781227482
101.36634427060143
113.04221404674419
110.97395206125782
111.15141411966452
94.28586824343294
115.97820342106306
69.12169234200343
70.80175907466386
99.8767339408893
88.12081967927726
132.95900511723397
134.67830596768897
87.70181416448911
69.57134172318423
86.49776403145255
117.05982038590372
102.39965965563042
131.0669000456511
121.88338477957564
89.9816903531513
91.9151245973643
99.25970088518523
46.837491517859036
114.76138009100521
56.48356031888281
62.62767670123916
100.40772794113106
121.31106110203794
89.67542809945566
123.29704109666744
89.72801682413186
141.3162713885709
75.9282067317271
120.33866187978686
99.61951227530521
90.08999360287488
86.96753542468352
81.76197994672354
101.1418537888769
121.85935003019287
95.23181964414154
72.42185391825794
59.68591419638923
134.0690901494274
74.61901413936388
117.78897730997446
140.35132922128918
108.92373612193953
84.9597456098437
126.83106600704853
65.98158556192438
75.50000413228372
100.34231273154052
94.52604792044954
106.22452251634026
110.58516558658205
131.32286669350523
87.4896625979388
92.8236080679199
102.68222408039946
112.73867136895213
100.75118921880126
75.22396549738723
108.66566930035525
120.69829591204906
133.34051551759902
131.32087086298498
101.11640574160961
106.47694675240264
102.18085701863428
111.7974741678885
82.22966800700391
86.94026821228778
136.81633457548259
77.98655109207193
81.93504662469772
95.03832006200996
98.22127409716981
94.87347442543056
107.36509822701467
97.37216102895299
128.74031325527437
113.26288265741059
70.03712424019814
121.20239482167635
89.79960844018647
78.02137702662989
98.24285039544473
93.22210681476128
65.06064576057102
101.6056423854974
94.83315504714368
103.46512418881962
139.7632338893817
105.26392115756502
107.57195897010327
100.17539224110057
101.60358613595136
112.44377298619477
92.8250169393564
89.61747206320614
88.05292609230222
68.16023414350178
97.11567322770183
134.38431603281597
115.12470923840695
128.05414231548247
92.05186492073351
102.15826567991924
107.53131936204953
80.20614873323038
82.57557348902412
99.80220899809386
142.75760327425664
58.31929875996271
96.00970268933287
89.90456614234996
109.84559442916238
89.87715990843647
111.86845510912262
94.28416522225604
77.70075271237963
105.62888752153218
84.40792320022011
105.23898077630558
94.36496862906088
80.1812073833713
117.19978428397789
83.64995955085136
81.81081794915772
48.05592188945159
98.50242514264761
119.06753357795945
107.67151570328565
113.35112730215356
74.47287723580494
118.69241795133027
133.44296986545325
76.0535545731093
92.0588853593344
116.07437470956305
131.27406127969232
87.18375720296393
119.38277786360649
90.08183461453905
123.262976411796
105.77850064942518
80.78104495771012
87.50106140188771
111.69967326461267
107.85386102134218
99.04148358757388
67.06964079759861
51.63612360265098
91.86144545038704
95.73263500421257
91.25718066524506
86.96788658202057
115.16839651053986
116.0168515733559
70.00206507872329
102.01515698995902
134.30384192307957
85.72311758321804
100.62492923592266
91.1257295314993
125.71859309001823
86.31001437443082
95.11910095538924
108.58080981423544
80.46432289818789
123.98143134877401
102.52340607861032
147.66823208711497
93.95290250013369
106.9958911006477
97.2813666476343
134.66219859992253
122.90285933858354
98.27754427693871
98.37049813009303
102.14847971171537
99.89322952997237
105.51460615396248
100.38543085868031
95.07178238642857
87.18563163315764
70.86016061322806
114.12586052885761
105.30995212960362
84.51416740580787
85.12992755770946
96.21087617619757
70.90553488703385
102.21922804244512
107.6350755854462
100.65615685010148
98.33164502213262
115.27640238599247
103.93794550970917
110.8959392852356
94.34763711254061
67.83197917517887
107.96346037120482
103.0785768084071
132.03427312119902
73.7955093858499
112.0759062536392
76.21849883678377
91.93998641047683
100.09320747813496
86.53594685313365
112.83539790623938
106.06549988519119
91.51492088801876
106.53612145603861
122.35566904766668
112.58567260224427
49.56289488434994
121.15246768729966
105.8725260501584
126.88879558401797
96.68119133465501
110.91454732622664
95.28358042405158
79.60235171155598
91.27175990037851
108.1200902707852
97.67980502962347
126.37905250592925
101.57095767520212
76.2333632454782
83.33490622448478
68.96919206974492
97.23036838826724
83.85150457053349
112.98912746644689
79.45660160410813
73.40561744684737
91.5296357255233
82.34842708575563
91.51892635006075
93.33234852538509
94.15211124358362
75.75277169309337
90.98288935414298
98.55476707317295
40.38791010501752
74.79237621215871
49.206810226951475
112.63380394797524
79.20835239592306
101.55400968274618
80.04383405299451
78.92230795466999
99.77529452527303
106.99183825620084
79.72815306586938
107.40559043738108
93.00732620496804
100.87324216570678
89.68962320117834
89.6716136546526
116.41000274755446
117.4610880302085
87.65737509492338
103.02738278986953
109.03308194869066
99.37409746428827
122.02622244540903
117.65247864166975
80.28427810659292
84.49860812154341
124.13667042634488
88.57911237276012
105.15229344356487
115.94207995705
104.12593120041244
83.02886154427001
100.24890080545985
118.00620815137006
78.13011058993993
95.21078324733254
82.79889159406763
87.4138467989798
88.54443340945375
89.91122185326452
55.58111478697013
111.61253730485367
111.86284533558579
84.49835686655445
100.28477674698483
128.08326396156113
102.607290319339
95.89508321592281
90.70042328461341
75.58795778860858
110.94563776604753
81.66752987357407
73.74285622239529
94.17563187941711
96.89493295322129
84.09641474014299
89.99428106492655
92.55968259697607
103.30692239052142
90.7558094574115
77.79635689144753
98.1425845724921
101.29530934937193
109.55999233553857
102.83551761322542
117.54647278400095
100.26259605312465
62.81917295283092
109.1743796818095
83.80227247166015
88.73415405668192
108.15063826535143
66.08005791224224
104.78162081049972
123.2601525472974
112.91454815266366
96.06264089920302
85.35005326109687
91.35626893860876
118.0685587109742
95.39382913783987
70.53475966495493
93.22606513771956
88.96197640358314
89.73678538618755
115.29916411136021
109.85810470807229
106.67439832470146
78.92565173798255
63.0591572255244
88.28101096315712
88.31137548328394
83.97971406125541
78.18293283550534
63.205745290888295
103.25512761028212
108.00400302987646
127.23873945268389
126.94814294258848
100.60985208892603
120.17177980271572
66.06560401045925
116.84870322998776
101.13249676027789
71.7346897268069
106.21812060821617
87.3813117104842
99.57487805954278
96.90720434881327
87.90935355708234
117.83838025346132
84.83786631430257
91.70525712173641
106.26404744570422
125.10148527087956
96.55760779783617
96.6781460017657
92.7383178603152
92.45405491485431
86.85480130579178
106.91517162387706
143.33530115986963
107.18946790753947
90.2613408760442
155.03849715460197
69.89013005642694
106.47894740694183
64.13366297889303
85.59463667950845
94.45696717598582
133.8113817645656
106.07494850356494
128.18152961444366
98.24193696617938
99.801315675621
80.2908330589169
85.52742825206887
125.3515267313611
107.25950794371975
60.11860923926767
90.96506654129288
94.12941145801642
105.54033690105803
56.27919259393368
92.09518045434692
78.0560199599768
106.47009713857524
118.23724266624856
114.87141800098807
90.03561839160722
140.1157198475663
98.75630009350964
142.26973628136307
115.53395828714967
113.65773156636541
88.6237640039817
84.8512160821235
120.5295147631338
87.40070280948645
80.8283936024672
113.04904099802764
131.6764665663421
80.81829436116186
122.80006861171984
103.99505357678889
131.06669240228
111.43308563878718
126.67062310778626
86.39361489561095
94.58124972967514
107.36220706525776
85.4852520188077
112.99630327625667
85.3399228503526
86.6274177701991
63.32751654902324
54.16580647405589
111.27125006730343
89.68526511912364
95.0858039764985
111.37012382816351
99.8097108610985
90.25106675134617
110.1674139128562
123.63869044973788
105.53915358466736
70.15837264949208
89.04727165040568
73.97108425303864
96.73680772122346
87.81981468786256
100.92442667638021
85.55711077035271
80.35159539083136
101.27115813108263
110.07222845157467
62.36313311949159
107.28242065962505
127.10512480207854
54.731448883748826
120.29002678891267
95.12418499485898
59.46977418827517
119.18266779149475
114.14319993596673
90.67425766986624
102.54931517375321
83.5561286486023
82.0787694438859
99.48358693132673
112.06229293362888
110.32130631076096
133.54689960598785
99.8398592588229
104.65805855923419
95.77743063577918
84.82093560695212
97.43692260176658
94.37283643150437
69.84665501335152
130.68150758681793
106.6549427046992
114.51215472498343
97.69854914655902
86.25354401577675
82.19119555023133
107.2558064494789
129.95504047882412
121.73159219591251
109.0676173040689
78.94794079870746
83.29644842116201
67.31583166717276
93.35628039464989
65.65478808400904
102.15696459184284
88.31367512071202
122.47194903427736
104.53236048454917
114.94844172818988
81.28778207141717
127.10114884074984
108.78917230768909
88.6893831737847
59.47350132088591
77.80027224101747
102.00246133302751
95.5685309026492
94.45764003184
89.68959356123524
93.68130662460393
93.22473699502783
103.35855425546424
116.54726421757084
87.47221756103056
87.24409668179383
89.04705363027296
82.73517821246388
108.87258733117083
83.97434296846203
97.5314826318636
95.59962777857208
101.97776475161984
126.55490810101305
75.5589749425068
74.93896524640473
99.48804924894631
122.07452957596908
90.08620644160538
90.88757500395101
108.76861949709242
107.90914175074451
106.37316878676661
78.85130848657315
88.47228752591829
86.69632677434815
119.17944515703269
88.7443876095945
50.087669708323936
58.75164474550347
70.12655244204701
120.3694857754569
79.83004350776827
80.29644157800863
94.13837546764006
78.17080874240088
88.87217625135617
96.29385983047098
46.660676476832364
120.46487653418872
80.06871594620907
101.63102024952244
96.85846024045043
74.91854168064702
128.58065149676935
131.24615965850762
116.09001996828248
95.93005676333964
114.96871805151955
131.7668964868801
69.57942035320208
121.99181365228249
118.00340581211235
100.25889464306103
120.66545187943692
108.2882193186752
89.31320028999143
118.53429506710536
120.36873750770278
100.17962863766508
73.4346978432481
90.6721608264903
66.36405484468725
114.40291032370112
88.65013097961412
80.28782945154703
80.15861694008115
80.77298722895941
119.15751621410676
86.5451928764403
96.14629935434779
117.43285334659697
95.76973464390922
86.43358736208236
114.23971411222774
105.69871530655303
112.13036651962622
59.971994199030995
114.87234332308343
127.90877719591442
75.98853838056512
106.2404829591222
151.47029319824765
80.76756814958225
97.09992082975864
102.57789094756636
127.07694579842273
86.46413242439404
90.46820873160205
85.88793119039289
111.03485263615399
116.41241221442735
103.70771039893829
101.70547547425421
95.10418563772998
131.19185391899939
108.43823959157963
109.99952721515305
114.65577065393137
99.50271754991073
118.67259086231786
67.0163146038759
56.18921725590622
126.82521930617744
69.22917058827375
109.77067079001723
91.36382382056408
92.57873544721603
98.43995230681357
97.67520246698372
82.89445834438757
81.64389549049683
113.68454896343162
110.88741222948481
75.12699182347137
102.23642304229224
103.75087458146062
82.20043073505114
100.2394273394484
101.93058600110646
83.77626838635196
95.59258752383869
75.2178057507387
120.85252178652614
63.3251463735527
90.37353236845829
91.03928735701551
73.64122087917701
108.02270785984553
55.563624204589075
103.79108012005284
114.01791065701603
67.46443776702007
136.10663180271774
106.81473272138227
75.70596170315548
99.84878435752624
138.97069443458986
99.78904685398254
103.54914189727953
82.32374890311885
95.89370792476818
91.66068284629446
127.51470795657264
110.89234346593088
100.35999957936222
120.02501111425318
83.85232772563846
106.1010473349014
83.81750553951943
131.9651772382034
86.2003377976055
100.51627323812279
45.58569697971475
99.52075279374286
82.55915094797015
85.34793581617909
100.92011454088967
74.27563093457444
85.79354301434829
126.79581071910889
131.50310633476084
91.11165503541562
67.14086224502528
136.28190852778152
115.47700390199151
153.12997616954
113.1972493987529
130.51557908345117
107.26333256707767
119.60742714167239
98.86458797808888
72.86726749672462
118.71126375896992
79.79745482072416
128.16039608308742
101.71210575852571
79.6618691611006
81.63070959179282
115.798118443532
72.21194373248352
91.86949123504223
90.26799308760745
87.75780904980635
101.71983790982455
108.64296889704057
94.11796515353934
74.54801940747178
92.51014170445526
103.71645079946143
78.32324422107764
105.66620366686335
71.84287755030222
110.14105631387598
108.5624655848755
104.695877980957
102.67245130875752
91.63579267014897
107.59593836914206
95.73238857238971
133.84238368056958
125.64809956356416
95.60666768024673
61.90685347063949
100.44184212617392
79.41060477685627
96.84414226686812
116.74426721086999
85.91489789279112
85.39110660310683
83.59329861889393
122.57740293869573
125.00590935323166
84.70973380821125
127.17003895375274
77.14804496724042
121.56844497209158
59.43766244914801
103.26004099285717
126.53279473196616
109.88817856346355
87.58650233146348
119.72950930259039
109.12643411210833
106.23279856156459
115.46617962875636
71.0969964847945
82.3497173720985
80.20820455071495
117.03636958084873
86.46448876530954
79.42922158885824
114.58285199780785
108.6652008681333
95.262984883721
118.9562881087209
119.54192376040955
107.60238298348673
83.74845346020383
79.03475618461783
108.26083224950192
93.60221858303709
103.4584277949176
76.1741530045683
116.26230245379287
117.13042058630455
93.60485880878959
87.15382742844378
103.4529440048511
131.93846524651323
52.92869635439966
111.45725424465378
86.19259314784861
160.01587315879763
93.1779739124124
87.99379020807496
114.99550269304234
124.26259057524899
91.03723490540196
80.92829275443401
77.51015999110155
65.58663201921766
100.81126171194028
52.68118842615756
90.0679366427421
62.19359004378161
95.44828076325592
110.03997975063172
95.93175386319294
88.31399724769187
116.64596827039614
92.08448068657577
81.21595890651352
66.52850662354781
99.13865578759894
114.64390233155291
115.83069678911949
100.53423536509165
88.56224023342402
86.90472674339058
112.09874096690567
93.20258283383914
121.07646993268665
92.24607416675403
95.96824967344291
130.3120941534877
104.98440221996714
71.1106849779022
109.71830808331184
109.78665487567156
96.22497536992623
83.54742027273112
96.47526773693957
122.5452864652615
97.62093853679987
108.29247545739726
115.84918653007
117.57441274656921
90.62285033799236
105.40881277460298
111.20490036183861
81.09349353863679
77.30269098604249
146.0704392955918
67.79733084670006
78.8825525600165
106.07010588769288
79.52703161387039
90.74527686232705
104.75103724019253
112.07708354649648
115.6032801477754
104.24375432409173
117.19032470830615
58.797794561008814
113.92456371199133
73.64065667520008
105.44747226755247
92.49602387092695
95.2061971156916
83.86038320537254
109.62292090386029
111.60632370644196
84.48010468999098
92.94960955761607
123.77473628530187
88.79670768529158
126.11136252056107
97.61241505548547
127.45897807509972
99.54323651908284
105.92947785531969
125.80121338619185
70.17805948834344
109.53434840748928
127.02610591751693
107.54070547084311
106.21425168099232
104.69647632073126
98.18030101763168
98.54910271799963
57.868636833590514
104.18326522453417
69.56432703581864
85.19407369605334
76.26106353036744
88.01179262436513
74.52445784869569
113.10023474640985
73.97568292246842
118.03777456255364
86.27654355205733
129.71956744588812
80.6908539797468
114.73817868790793
90.1983571145629
97.38995954265482
84.5657861975775
97.95980220208203
118.33579206984118
76.96829807454284
105.27504826539146
83.63089475557494
59.66555638324031
131.2141678378347
133.53892937353177
121.70726670288458
96.46092725323143
121.69066478180872
100.30333511633867
117.05183909411569
110.36523512269852
99.6938459602612
117.85496906796968
98.16427109256628
98.44052598644647
79.49861140656908
84.0959283568273
74.10291934845831
106.70960464899846
99.05420795508866
106.33319463346307
86.4581474382268
113.67675763457333
85.04236862854721
88.50504805349225
92.3804216956761
105.55882340039037
64.6271017464644
88.92670837048676
120.69445226327386
97.7573742840641
119.97045569307387
116.62988659632765
123.84900779696146
85.67965602550599
78.25692717640986
64.13062544555808
115.52494029681858
68.39074372520233
107.42822816566407
142.15332576125846
80.18312037458543
132.1026214656201
102.04643304061145
111.55726014177236
105.99762464611614
110.14596477243983
98.85336486631543
72.14797906591049
94.42581052582234
93.09020952491818
74.80196153411408
108.06566164537305
111.68940589678598
97.9308511196485
99.38912176407366
133.34542426179615
105.07158252560126
78.26208387407712
94.330838056281
70.88134482542165
130.4415809984318
109.96297010488622
96.91935037596711
105.60993879351882
96.15268694820988
113.93439007541164
68.7548961083799
79.06461207375392
58.970092241684604
69.68325069796487
108.00197609702248
99.29427613379085
102.32898277589712
108.94190472940095
121.79066913323844
111.26849488049703
112.04123564162332
117.9682963086026
92.2077215422793
87.35070254364214
99.20567695266365
94.54579283643949
98.18805470599655
111.05730827425059
95.08291721876965
58.45191478606909
95.20778088908808
101.54408320853571
87.94880477256392
100.46741500394492
91.45645250377927
94.57710858497057
98.95917821632038
106.93634587703974
85.69179517696179
107.54032312102824
114.6120604250681
96.58724059442139
127.80196431008149
73.8805635252021
111.29206510259957
112.50152101189862
75.53843175225632
118.98707131345328
121.0371749741732
100.88197451571804
39.25462989858618
115.77945951740368
61.89781077679365
120.59177395541988
87.08311664275163
81.81507596693368
103.57539972749176
106.40253228898425
97.76388451994673
99.21764959082135
92.83184844860703
138.80528578716536
98.73694709266795
98.57514179495523
91.31169544913185
109.35448176316171
91.90584393909113
72.5570177178129
130.6215096112822
101.05726550993052
98.28786046939953
127.26415247043124
89.62050280429186
97.49267739240543
90.36047430149219
89.51740479420462
114.37200594249616
97.78923789588339
118.7314747783897
96.3145308403572
78.29408362701516
127.56329028012522
81.92655775925456
73.09497382420822
84.35609788186386
109.33106039681226
110.14743105780663
107.69860170593425
110.80961610548316
87.07651368916571
105.8166901361138
119.75219466048814
86.8887931285085
111.33499440199328
62.808892233109056
86.82720238792184
85.48851734450157
109.05938652463846
97.37454766869655
97.95995734585806
125.99854958495413
85.95575622355597
100.23928027312961
82.54803967296279
101.02699496293035
123.02425932053156
102.06192037841409
108.96527352135129
72.50503540357305
94.02743434022771
77.73225217154368
87.30789234839989
95.17998681089287
74.9575821962838
102.30808277066623
102.88663469357897
100.67863786960231
65.46908184978176
87.83624000957504
90.83608260278879
84.49550740064124
102.36853726610052
103.43426271220721
81.74766483217968
118.71820081778164
120.65960419747825
93.06801300696634
84.76919249988828
82.58701918340485
120.4670239852328
101.45244914573718
113.4264898103783
79.88422093847464
70.90564105310676
109.52185642639519
76.2642664805147
82.56184599547164
52.20754047071594
103.45323070913713
102.9436405494512
73.65591435410207
118.58871991788989
97.40278250511865
118.21437587021865
64.59054188108493
102.34575767609316
66.71936327475818
70.22874789141726
134.23149810574012
105.86203330878547
51.64929010657695
105.63389180565565
114.87194612346369
118.07922589947918
88.42088347461751
91.45447521964954
108.96657869951886
62.85300360063167
68.38580715157585
135.59934143537006
135.16289743222936
79.35953216739344
130.0971247752365
121.22966845636152
124.13500841867298
106.65397632977125
96.50593946440938
128.4103021858941
88.77606942192612
114.5351588463021
117.00976058718723
108.65825310871773
115.59646207544236
81.25768377090152
100.19779423066336
96.14671396298638
78.23667214602052
82.77382358509014
84.22179613424956
78.9690160828905
78.99159147619656
110.1104577619237
107.9397505675395
90.28774778452825
92.21275600958005
105.01213051897324
103.50678131198828
73.69909729249049
87.11600760093876
85.65552683365406
73.57544428868609
67.11633172091729
99.57291129842633
102.57009466417833
87.88704522322477
88.43109904839775
62.403989157311266
84.65541488833844
81.86033612873679
59.288598068919775
123.93974585165446
114.69177544214854
91.05587226256858
83.32742293446361
135.38234972866923
68.66552128476502
128.55271877891545
82.25365711481015
91.36007733691875
112.94690371112152
63.998398998260285
69.26627632287442
97.38167877215749
83.1596747654019
95.90872981521642
76.26104469031671
139.22023162844897
99.32653270111223
78.43206294875554
95.5370468815313
86.1986519852857
113.35320681058987
112.92198553301897
77.78060587018675
117.65912352835863
67.79225967093618
135.28816990167934
88.42939131782066
92.18874700633658
110.43570059341995
95.15511272823855
83.15718060204925
117.16182715332641
128.5619796028197
100.3009959153805
111.25282121736157
140.77751983016722
110.75411694194932
90.4826054473747
125.3817266765995
123.54327646743374
93.4388733954217
111.59436499037888
75.11721188276894
88.97649527278632
86.3716349656781
77.16378656702446
76.32292931814375
73.96752169620441
96.75952626245787
97.06926080706481
129.917194338834
85.19993714429367
112.56780011813989
99.50404004957001
88.52413252973946
79.90369664390373
115.42378557625997
96.38910886195531
98.10416353044165
86.6548585813757
107.1200384073029
74.46684942472586
118.66296752349899
90.37540171016308
62.71022726262945
94.41476163387301
97.28165266830088
102.08885421726687
75.1459976863443
67.94346740456734
89.65161703218045
137.87911721391072
100.26815526267137
64.97702225956169
94.37882563795515
82.03994995763601
104.17838463044568
150.98278943318942
90.39824190755029
107.21975218958875
93.63735144126116
112.70737884720351
124.18732712059622
60.150791543890826
110.2767915897542
105.61733032454944
128.84579950847413
85.87285322283688
85.31065418238217
87.55249803504836
99.46839165394782
74.97317685429493
113.7826922259573
76.77975756446612
86.57414726447307
98.1837227468039
82.52396330273385
122.23026702149517
77.02204433735996
99.63172510550076
111.95983506037257
118.98284752214678
56.05732382055195
140.3108562834331
112.27323304189257
110.17743356611544
112.2757193534432
119.39127493466557
85.21871693912627
98.42196829410223
71.60557260980454
92.79399321946784
98.07094656205953
80.18295238625043
86.53798582574937
128.39033526424083
83.93730486758352
127.08526637123495
134.3089723641464
113.83113315810604
84.60870888442602
120.79543384021342
89.1303811533216
91.87991872007063
108.80014638240092
95.0069905297755
87.76926885561628
99.82649067826209
80.06627482433043
98.50004763000344
118.64948919279244
82.64904100813368
131.79920263683175
73.02934883634879
116.6722631743068
102.91321518403
100.56889818542977
98.13373811740101
105.50688743513271
77.25069122771662
58.715375700934764
90.25804997777601
72.53091287690637
84.30957859884316
103.75258638716214
123.78210248435498
95.04445880955343
113.24352221799847
81.20246659414794
76.61263015491531
112.81767158050891
93.45187666361578
104.67058506844735
134.05843667393322
85.5264894075155
100.49584686682437
72.0510832838688
110.26734315059811
110.02628329130619
110.42252947112001
91.82222757159666
65.06590013940011
109.2449427831381
50.829595866681125
102.83143430843965
92.08289057260912
81.83767184037661
106.91786668859505
71.33516124100048
63.65175641831359
113.31129016477877
81.77031516997701
80.522433746148
82.3853096009204
109.4318456344745
114.60275688095595
106.33301331837396
112.23905427988167
115.38888891340247
136.42063250658433
94.78467163417882
116.37254967037808
91.17929311806279
110.17170546941345
107.67201203886322
120.03160633770477
109.45014948850525
89.65155429044957
98.31355238713606
105.70943482010482
85.24180046852494
102.13108556766595
101.35015927283105
63.11977125318187
101.82307723247476
92.67877325135704
81.5605761473166
104.61416457479915
91.4396038077482
119.03462553139676
65.3173540006634
67.4872655880237
129.58601803368077
72.40537686654599
101.4641644272846
105.4979937850415
113.92068626159804
64.95023803810113
99.37803680602673
78.26827359216091
101.14933147306162
93.79051117759047
116.42469876310867
74.6243254556635
117.48578095769872
71.80458581471734
84.85116727661133
89.5904468381581
117.59884456294802
102.84304745460265
101.95390436306836
73.28232902836012
57.163067903320005
99.61229815422193
118.24621354996131
86.79490842426074
103.34905147749758
85.26037979967923
79.68089897888584
147.35647002906924
85.77006904053059
122.65419748514176
87.91607037415766
104.50723006639647
93.95059846962452
89.35707753062266
51.09786221033352
111.52347514728979
82.57860306261574
77.61522517946152
106.04694409452145
83.99159621638435
75.64991260544956
86.75785131681826
77.8922136550241
108.7848214106208
97.68220723351726
111.36750519799784
83.4203509164805
98.70523177989729
91.09802105069618
118.10461346639985
45.49274515963221
130.22775600944763
103.27679349072355
87.12042370755792
95.59308017050154
75.14860640909728
88.35272899852649
118.54142750155975
119.15649969251537
115.86530466598487
119.99569693376603
85.56117041262024
123.54792216716167
94.64067074793215
99.29735802740721
89.9037376003137
99.27809527323042
110.67462546345182
102.26692060487066
70.76019373792653
138.84812841034582
101.0751456142235
80.81377691029184
88.72684489004044
100.56242514191665
120.55785577354402
79.0232829393434
90.22119282295003
76.7860413328057
117.56542871748846
109.6902289707674
79.63667014847186
107.796189457801
76.0525519511182
107.78617640178541
89.72972443766437
113.22303463438043
99.21221943458542
123.81578597718173
85.09654087374054
61.172678591310024
121.17123493214851
100.92211275739278
73.78678277060466
111.72199618581703
101.24801684381141
110.44751357264099
113.31726746526193
107.5047327340274
87.8675881990791
90.60238686225799
93.05150034238378
38.623740630700134
114.65202949990403
112.17599226756494
79.59832361928106
103.86276239936775
100.07004479416479
111.40273425964195
86.03248473370556
135.9715693260922
114.17003923587988
129.41859954153972
97.70675173795007
69.18534760565915
118.68897764710958
102.93287113106423
94.69476437180293
66.306606305028
140.28513734520263
41.581970635103545
102.41148202932509
110.91778669404478
75.2066364961193
96.59361612752858
86.95385296631406
66.04231584352561
87.82439982089247
135.8789186492609
93.3228948972749
76.70086618255
116.73220694896698
104.507366467988
121.31179351924361
122.78544094555303
102.41736167209558
89.72215611157142
92.789784547332
86.00618678369767
108.31993076532127
84.8713094123423
74.48258335236109
74.25685691739372
102.79536595022782
85.53830367555406
100.75782041708374
104.98311546171061
74.30279417075133
92.22521982726585
85.85152271823172
91.65908452780259
108.43045855170637
101.19626836523447
93.13552863323987
94.73763670250187
115.57672412473715
129.14956759750248
109.30326214884624
105.56581176014392
81.66890190782547
70.86700726344817
85.13805459273979
91.54977743686936
102.45913499803444
100.66975073175789
85.24025366752282
103.6959504871941
104.73681559024588
109.10686309146153
70.98221976384502
112.25358707752399
88.99649967702167
78.76638669340844
94.31651817338873
121.98689371384455
80.12858737484706
124.78412818031971
53.499784877303696
85.70720470526196
106.79777869031534
126.9422676771025
100.80832637297114
93.99267505340882
132.07427926185062
102.81661204947957
113.55666795935645
135.78696306829863
110.61571490700169
67.94126353203936
94.70822411816306
94.19940011148883
94.30181502559319
90.9955797903449
131.68715994996745
126.02254251920517
127.58446040911699
102.76080178048258
91.69800343762597
77.6739157611137
88.13265157576171
119.92751796124881
70.01135703545125
130.5928323842137
98.69336330871994
77.98866402976581
86.05937852923599
106.89873735002634
111.75200030182339
89.99406161149037
86.67431723509623
124.8968942333739
83.93229244730958
79.29007292480951
123.19453278379974
87.71784718245459
116.93900169494859
96.87622503032122
100.17415618561914
64.06077180329422
85.6968889858206
120.01108541511627
102.67407050508184
101.17164364782847
86.37918545178769
121.9553424857761
98.0851540921852
100.33249395803433
92.40215768846464
75.99486393058231
73.96085759223344
102.56456933795887
93.00250087794099
102.29436817255251
127.28252954835756
87.0732408624896
82.50718386496021
61.53694513206695
97.1303758116405
126.25529590050706
110.93766018275471
120.76575209386226
52.40519393326462
111.53144863690164
83.2206773823527
110.42819038511689
100.392931509182
129.25117927268008
118.87095823081447
112.97147771958238
88.07463508789569
126.43630669329448
88.77895098929555
129.41712005294977
115.17908751604969
52.02602289972268
72.56853919877003
116.5002109269463
78.95281981068845
100.89125617617283
117.55614368565516
132.85251216670443
115.31848817106581
116.46972973297362
113.85992639173183
117.20440960504011
98.32840195170478
62.825990907988924
121.56671930376069
96.17379360193728
76.93281879958141
91.99873154209827
116.74031986209636
112.40890715270935
121.08224792366093
94.66808846688485
90.00685838538152
90.58563976403943
70.39515616654825
79.39824230986525
115.61337467411099
81.52646941677328
115.1885923413862
107.1678339859824
45.18370068144304
111.87903621374687
60.53594670270115
74.20534702802794
91.06602524664362
87.19380672210319
106.13886862480202
110.210399342087
73.460336516955
92.10141627065286
108.40908655008006
95.1367850591106
96.79690073906832
95.57504888741974
63.46392061963137
95.78677223419254
102.06763513856212
60.86479361140138
101.15310190746101
85.70613208946459
113.52358583377357
122.47797108319277
79.97129989170648
111.0670093433987
83.58850913875389
86.42030980656492
96.90473017723527
132.35227489786752
112.5101483250142
92.52577604310163
108.96857143012468
81.18112408475275
74.04662981902246
75.82525895285275
99.92184921752856
105.66987943091664
122.08897620833268
73.08191513160551
74.07533011910479
99.61148524599646
108.02545504692542
89.05257156564676
124.21943885427561
86.61505100400029
88.44958966261262
72.51737499148201
84.65295154572627
103.02562864671229
109.1526280530555
92.02111270339593
78.5985982190959
113.47115624757606
56.314431107786746
91.97584271794541
62.11254386927963
113.22940603029238
110.42201613918307
90.3287283367563
68.3806581346141
84.83386805990955
94.14975060297775
97.0271795135578
94.2404811207242
62.49888296912878
112.11980797294106
103.97588737979791
132.60470778975719
63.02458576075927
48.97355180334553
92.43973802748154
89.90404247593536
123.28948818750364
82.90260354198739
101.65992997950707
108.77020831526198
95.26380409904824
85.54459494237308
105.51231205989296
79.20216703694769
95.20749427765134
115.31056423943278
101.13585721726626
92.73524243353283
106.2099404178335
87.37164084791284
103.82424979765118
118.68601720983847
115.86468954301647
124.93341659434256
108.31025366751446
106.02535907793923
105.00181140215727
87.92107521027098
103.24198889235902
81.58493927006026
76.9591257867487
91.8281969761405
107.48893608096319
63.818880181348106
95.63487993880047
127.3798523440829
101.5981447793499
113.24956193058597
67.12610270101473
115.99607846922262
96.12939835931101
119.3667282238019
102.58635112408273
93.74467273140938
127.19102579184357
83.92251611561471
115.73765112411931
74.27110465252309
101.6718621032291
89.34464404848801
101.42063176759169
99.75900202398935
104.78657348840672
96.86057739142447
108.58323082639222
99.67212053950114
101.68508415021353
77.79439499188547
129.92670011854284
80.78028730529492
72.48662660214437
97.93591973215352
77.01123327832897
115.52946890465424
76.44257289002823
90.00710936885312
83.39207638767813
119.76348895037826
83.31662114417841
88.504674648501
66.46842830722777
132.81463089954246
80.75884769623522
97.52163094479425
120.86899304115741
120.12114634191533
79.11441927017803
111.91810700687925
102.37799399768252
116.4075738953709
105.01009253446162
129.69092394461532
147.21612711947932
57.63057333269829
85.44426631783814
61.03098782419017
104.03945020157403
98.12528784522542
127.80788402454236
94.03233990998406
71.2456275948207
104.01345715592585
142.66431345956875
113.63114172755947
82.53167990963846
106.8841580325784
74.48047817184302
99.16451322724447
70.0367977322879
95.68388299907188
83.32905497356178
93.82715924057428
69.91459027875977
106.44251738722082
67.60043825643876
72.96523607170732
90.40558608562743
120.11686786366221
68.49145072957808
97.90367353766766
76.91966431573695
135.0323873709922
67.69883868672584
99.97946110123631
105.15728328387567
108.2902990246302
102.90245651914546
115.6089052806638
75.56817670999357
85.84214908473767
94.06826152546908
90.5410156777826
116.77381794137851
110.43455589777138
98.03637467826428
90.91006324384472
115.49737078700024
99.97242604937642
107.974590099571
90.953243822588
115.30110950558503
98.47658921191008
94.72612039475919
104.71829287846155
121.33533938755333
112.25025925807547
99.71762041411334
105.21061913726652
108.27115005095295
98.40560672780852
108.9065254140282
79.25696511033162
106.26712596558082
138.91060956050265
60.95829024058943
128.26868556099114
125.1052633045648
128.10063311052076
144.4173607015425
97.4525797426212
69.40678394847686
108.79893668588994
114.68739292722421
106.11763152580941
106.8713916645283
105.31449761833062
110.20233360450466
72.28662947473
121.72494204028885
98.93573423618587
91.41740722019001
139.59646505788774
93.18744720635384
72.60725842697741
74.48368078792089
118.80098706759803
98.45789846830583
80.50239905585366
111.07604876664011
116.17114683008458
121.89849339637469
81.58072230261904
107.07790661690707
59.09219342352632
110.15905161582518
92.54970810041944
83.30119914598036
104.12677233121822
111.59817177930336
83.20250994615898
127.4599274844656
84.43306039662113
73.3522241391753
128.36130502827166
116.256180959659
56.67675362123929
76.18969797410293
115.38139137405979
113.84038690014697
122.1129666851904
115.09535886719227
96.53604467914109
70.11175557996997
117.17142729556969
121.61150871861487
132.2541846076487
104.4366603852019
78.65996316315128
89.51666021802058
108.88867247506825
107.19424080101152
100.86893789721854
98.1448895725029
75.55422861532043
86.94131313264403
88.34669825301725
106.84912253783752
96.31980625930935
101.21807642225038
74.62865350381033
122.93920292216808
115.07590499274865
119.67525930042487
92.3411925880647
89.36461922876232
102.3577116510009
99.1857299409183
89.19472075314987
98.6220114512628
82.77498628712455
101.13750289273791
101.81606486608403
57.29953050004445
110.06398312045066
91.94147611274735
75.41293790424585
76.40911848265551
81.80829165286502
78.34743937658189
120.5961020402755
82.88609299479646
78.05556295143971
108.67479826491099
105.52045993459606
122.00958414624915
99.09937897112275
88.7285301977071
100.1079234728432
122.55543994657864
87.17053732126595
119.24901042270002
83.15270537064532
84.1623998009798
105.20225866583665
85.74326514641183
132.58960000180906
98.1743911321668
90.95837551718532
86.68532067189133
109.72679524832331
116.39124558800617
101.64663914176221
85.99535651628807
122.52012958859977
112.2022268618632
137.03428956805737
118.50948372186838
102.78751168685919
88.4699598323052
88.933801834067
107.37862843238102
96.41636613560998
120.44170596506162
86.93236393064709
115.00875817900607
93.88286211734169
75.2113962652587
99.2474561111607
125.78426214526712
114.81191249640875
145.80519868369905
116.67600905960879
81.25394292119431
87.46481761269293
110.1450217274978
126.96791237343722
110.13692770652641
91.32857225996317
85.75075085624113
101.69033707141341
117.40575541446549
96.63584024584515
130.48767446424642
92.65148369601746
130.82488932592446
95.04527544017847
138.62374951973243
122.6027151233883
88.64356830575662
138.73019080730205
88.27882276287566
92.0900438667281
65.50782851976635
118.56863084634307
123.48358445260052
105.31539570020325
69.94000016801812
76.11022474606095
90.02727274730049
106.16054524137799
74.50214836679586
94.8672447086372
127.78245524980348
105.40032169202462
114.1387276953861
128.71363324832112
122.49777048931719
100.73389931838373
88.25459946339426
97.57480690722589
92.37498619545005
101.4642195350717
100.67875679240034
76.91807788488879
113.96819537929949
99.67356475792758
102.60678658708758
95.44129777407424
104.5391667099133
111.36842569964578
83.11862568820807
101.40575887009898
60.95643196900371
93.58643699158189
89.10250936245208
98.48991925430505
133.95485349088324
61.3868158373879
80.9552920316161
89.97088727582087
111.07107047665679
112.15720874736945
124.191603540138
90.3797512080581
122.67255955960425
79.6128036447736
114.69965703307544
96.92941937322978
72.47985297109548
88.30923654820205
90.60629571132425
85.24659807098016
112.01995453150427
84.56617085912578
110.60142649277097
91.37561681346402
65.38007107991561
94.993566300995
109.04024840799879
86.18475535265154
106.1196015978576
121.42640841196703
112.73273591803044
84.79017982902874
112.31927939970399
84.47362706942572
89.0148591342962
121.94801214779467
101.61685066190057
109.39536824932588
99.60786992290099
131.25262817824915
115.17193491218669
92.96186824609848
91.82624642163873
95.80426968466845
105.82434620442936
106.96306611527167
107.8246129218095
117.47989520105999
85.19356528331812
86.1568837570908
95.63072296034522
103.36161149188962
87.61424347916376
106.89123721343813
78.52710706144515
108.38597652526352
103.12756583224711
105.43390631803271
103.85235779595298
67.86523668752875
128.15942383152793
108.93830961683155
103.41880349715643
103.48911613865793
120.28070156023477
104.548515098101
97.01579546545763
106.23145683953031
115.35562380709504
88.43972643515522
80.52409911043026
89.09488678444671
115.73078051945512
117.68932333938096
102.88210548604737
114.76240795377241
137.234873163059
93.70185672908495
163.5674667203969
106.90473111136504
114.263742235567
77.29637645385766
67.10798412208773
115.05167332146877
107.99934855891267
93.58027159647754
131.78874156208397
129.6194924327501
129.14351437763636
109.70134670817768
86.8781450036881
72.59749812592987
87.17179027576009
90.61607263757433
129.52232487386294
94.85137824990896
114.39086434958612
116.68975282245964
117.32006875438198
112.41915871227376
111.12587118122579
115.51229833921673
91.30838424011058
63.96011283181749
111.18177187283999
107.8640701968312
99.15914643935155
107.51621142552426
116.7054474174717
103.55349560743676
73.05864686640138
139.1482006906607
111.06543130585257
123.40253222867605
96.11040787958314
83.08850647282449
114.97538640021878
79.11898661716785
120.12431500810743
124.66071862151247
98.85679239532864
108.82806924476117
96.05508700855717
108.90417762163516
86.35989795225997
88.55804271185741
89.74220387064801
62.44861254432037
117.32440399159616
70.9165449316285
95.43500731849842
85.06677383436957
88.92565442948826
79.01507396421778
93.67427861051809
59.20269660858592
79.5324283785931
95.07917989074303
98.98377259117643
97.6196915316351
52.234562312969544
97.8639931194503
100.3293801450746
80.92187914286006
124.95493893705911
94.24204634844354
117.39383137055263
56.716884990849195
101.08731339038734
148.92581377372045
122.45166026412241
105.98652762780814
85.95631259643599
76.01913476450204
102.47444673866937
116.36376024937233
93.96601579127064
115.0392621910241
101.31216003714205
74.47940331538994
74.10124380942985
118.132963118456
91.3126412872772
92.3740663715965
84.72880237738188
123.15164918043062
73.30228727018287
115.22582018652484
75.32653894429818
91.85323160053761
88.21020087969953
79.28980700062756
108.29641181509498
107.91390843754237
103.57218745918927
109.97097009406272
131.56056234055356
76.96508760452377
133.41460626042235
65.24305773527901
119.03130934614673
81.09540193209153
87.1520043693221
89.25465657552144
99.36810144132578
108.65424270673704
111.79424063211384
83.72443815718937
118.59928347254962
110.51849148476029
102.5451401367342
86.32906211407473
70.82425921669572
85.6692491318664
114.98353630772024
127.59283024504535
97.87981465624387
116.8772383090394
89.6382059654438
108.76442794386415
108.74279917653436
107.26372204007885
77.42233935204833
97.55778004345387
114.24749437500442
70.34724653411287
108.96725019149461
111.03796103490421
74.8857132522286
92.22793715863132
73.90641205017887
104.6004667083238
75.55905676654189
85.7073728038671
78.08310142917013
112.90006972074966
114.78821392446288
89.14065906695296
101.72715203708756
82.7961559132649
89.65655457156149
61.94303629925987
122.30858331318609
98.80998389869777
58.19375159085967
114.16804958712615
99.33471911338293
90.10568930562036
117.64884197459357
93.62962144709476
92.81738739911816
92.26028921541378
110.4936776308939
125.96926938833629
126.69196438827696
92.26807806011587
105.84732516665349
74.33006747268003
101.6448211689213
100.5383638161146
90.36544445154257
105.62491840202063
133.12791397506183
113.90654154629387
52.41348490796142
121.98575423620775
116.95978914612161
95.48526584705243
94.34422566694654
111.8069448769931
94.42933738482498
109.06792190329188
116.54167313138815
112.1136491583903
84.52920575274241
61.84451373200614
69.82950835686339
135.01842763057005
82.49572068521405
87.0066491948042
96.94779356066664
102.82059516630457
107.01580108159939
80.86636904721257
89.69550332834446
111.14210998888613
85.07403788675424
117.93087055526831
127.21023537209769
108.60466576914489
110.82477858704361
94.93252412454333
111.05549054179804
109.01369543480368
85.36170061437844
120.74632592884518
103.24640524088497
84.95699317765954
121.28744898831688
93.37322765216412
100.66910201985796
95.3654205281981
105.67416526147855
94.94231331451766
83.73976282284555
121.37465224781613
150.49226577046397
109.74965138708063
116.81246523070061
107.23597366090875
93.74351974158094
108.97935133781199
105.27121483794379
74.51568142096521
90.20702941859479
76.55642875303376
70.40028450127113
78.96204813758769
79.33862144099065
135.0146457856374
97.10857961190928
72.23067429349874
94.88523767687764
85.66486870036788
112.54312009832182
133.18149990527706
94.8993228046001
70.51889364432931
68.0055859403313
103.63575137308601
110.076470716973
98.30951239200617
119.56849730346273
93.58218732307338
99.25470984443301
92.81200149706659
120.94649313245021
122.5532115650081
115.73992935393693
85.79683355515282
109.24185380571193
101.44581665800801
126.51520604228264
87.30473381680957
76.72474406050961
83.54557975994415
85.81765821900022
105.3442351311686
79.50608346366084
116.31974726635222
132.0644747359457
118.10774119366708
127.41278081566008
127.38990349750193
97.82335963783521
108.31579093124645
83.61317623907756
105.18712926756122
112.18303448857453
109.33144801490761
111.28204259998714
89.8189787615347
94.95186451050918
121.15459280517318
123.014500632361
104.5417017371224
94.07035393548895
117.82561667697931
120.37083862525509
96.39518074819286
126.39262812213079
87.3682513557172
104.59970862836137
95.41308593190264
90.71876391228336
102.52483018904451
92.58762911568827
86.4071184121359
92.3126096566999
101.56858200200702
103.89779188043131
104.47449442400591
120.18956500091254
102.2082229862954
101.68931708716805
80.38964041324593
71.98133144671061
98.90918099500121
124.36239329946834
124.49627213102286
75.8705923851845
87.82494752213856
69.30187508448063
112.04930467753701
91.91264705684102
118.8639303007755
82.70456948540577
97.18480130461519
88.04287204399898
78.93094401042814
106.27087040466431
112.17879477246758
83.65441491299339
133.5909054959502
75.92203346336366
111.91679323263737
105.6392916567315
41.532855398974164
102.00957787267805
126.28401724511227
83.27139803367241
122.85569912490759
101.43651135850455
86.80060001605351
122.34570494377841
95.55922323653178
113.76847850677375
107.9533007132331
93.82264751184258
96.1154580477701
100.13370176815944
76.3864059316948
107.32373469220683
88.56500435529055
99.94603123019954
116.67761712536013
99.76426981963978
102.36237180013497
92.77076563740253
104.15438025630242
73.70666668158064
104.86908122135908
77.27197076752684
70.55016250202175
121.95737272724202
105.92537906332636
113.30878579731883
106.9652808808127
91.60762028899644
101.84450319980856
88.39979535959547
110.92273171486215
130.32970999401022
84.87653280092496
86.4139869549591
85.7736832117201
82.73513940856239
100.3938193451133
65.6152530317807
93.35734166325385
92.13744960327278
93.54682654011559
114.07255984658664
82.03456447084369
95.57718600672784
85.1907378451547
107.78995736722533
126.58968067760482
95.57203916964662
86.82389546754509
88.737639606887
97.20955064589468
132.36063775658846
74.66631915143093
97.61799338605941
113.9350578026406
90.54477574868048
54.36760599328513
86.04254837480441
74.08385220780734
101.03069016689663
118.1625053833485
89.61210614162505
93.49308151617268
85.22492781724323
114.77017514260922
79.90901284288825
115.55715408703946
124.44962432894762
97.4292470140179
122.93640184651936
107.23384379869363
103.8334860965207
94.64723731048451
100.22400814165037
111.71142616235745
96.6444305944004
111.15560859787408
105.42401367792269
76.41307843493428
75.00136637922253
107.77058763527053
77.99454305891494
84.29398101569559
106.68244303753777
75.27660164368658
108.26105789420942
82.65976405251682
125.8785875061376
118.69332307828125
96.42647549307596
64.10533085767004
106.14787519624446
101.71628463338735
57.72368605735134
111.34688132713721
120.00840318335119
114.47621536465513
97.97934472535809
103.43053192276608
128.02115353010382
63.20843850867017
133.39346705843047
94.08386555490411
79.03938001198304
88.06013146125804
76.47168777088956
106.96606991041281
83.5706545425265
97.79787712364698
93.30830712948017
111.24574126330899
96.2023675960708
99.52668626024844
109.67405199107239
114.52425969264777
105.98225420098389
78.72151668541778
118.93560966613015
94.5908274142131
79.41135499109807
119.18518358030518
94.00863308945463
111.39751886639019
99.7808837597818
97.29895883210348
110.9796353295426
104.72564784914827
86.31032630052641
107.89170970568979
106.02455677195675
124.65717836392498
102.54747185012195
91.94841436852923
78.97709906747409
84.48346815473904
123.59568142273405
94.28548631431251
103.22058440493403
123.26159265733112
78.03401837748305
81.54813689038157
91.55786654542896
109.73528657063346
54.735336653306696
107.40942589107019
91.71024922429709
101.54280717453999
102.48347916494315
88.93040841928858
106.83061915554813
77.20837224883132
105.44260647032456
98.89996424444523
70.05300874022902
60.23979744551617
88.55499625422043
77.71903531127397
88.27665926630637
106.48032643092372
106.5629359322463
87.9007681668603
119.33069162420837
99.47660626559991
61.70069685988061
112.39249127601586
83.29609817151973
92.5751927414988
137.39753032086145
39.02227486018592
97.42934861934731
69.85737203706339
91.1479832850155
129.99577971525505
63.79034425286247
98.66729948602054
121.78765202366174
130.56147165906657
114.39737511256536
96.75182123622913
65.28357364453288
102.41631952081883
81.08805066175016
127.01151005074905
94.48059533568201
118.45385888075029
99.54783379601987
61.4897113680758
114.93946341413792
98.7472809601462
95.68292291914827
108.2546134881715
122.1593852483265
90.39876050891448
97.5828141892413
99.75474429564858
107.35368366718379
91.34398231672674
72.19833284449255
93.39005398655263
100.45043933593804
106.14465067434894
117.85839940124589
96.23196875082913
101.22944623777403
101.03268133324292
80.30701737096017
93.59025382106232
97.54060156647087
116.6798595632909
116.74835083770603
102.33491889851555
92.54492646411927
107.15410117248736
127.98255311593516
102.52015024781177
104.04541823285435
109.09045356314904
126.95243327953756
86.65123677619343
94.05394502723871
125.8707449783794
122.1606747868081
105.76082598061616
73.25427644248748
87.78957317669217
127.37873108439653
97.56625590694412
79.90593820049111
98.9314757709638
91.55637181337362
90.43456550995
85.6206979142607
133.54194964255157
116.36581768929939
78.521635004533
70.27094889966814
129.78482789712646
82.21040341866959
78.24414766602342
117.73882674817757
78.39038137086466
95.47905003782955
97.32521960755925
105.25571399346299
99.755643721126
87.78480731192023
90.41845972243348
97.94683361321945
72.06350083529472
116.38172459476291
96.44024782425839
122.54086236291238
117.38947302997451
65.22008976883393
126.23308425380083
103.62347293311429
97.21635577930117
90.0891641970032
81.96488826806001
92.93830196418263
96.48895398971528
115.05334469563789
85.82807024530399
114.18754681108084
100.44180366772788
96.27118745945978
97.28998443223092
84.74604060462009
139.73194790279055
74.77568049934652
102.3297164958322
110.40993710062442
79.69333277368202
86.14418564036879
78.56496534064698
92.83640611574195
101.28522742788353
91.26984879536036
134.86716805843832
83.55252378933548
112.61576288329714
119.61617737708254
148.27707652706468
88.99918811401943
107.9428437302159
97.15325907279654
131.1940723490765
120.67605262562606
110.44705920620328
95.95249201481205
97.57194918372254
91.43213872866363
79.47404173139503
93.47478872620432
118.33687572515225
108.32096622164934
92.96528211448869
121.61337118226501
94.9975251580171
72.5390812598059
128.86936778467614
135.73697487870163
108.67764934018486
115.82219415734039
90.54450444419645
77.6554646283832
85.95709857417307
99.11936654226999
119.55319132742939
89.88815949757739
142.69841332496412
75.13170707157781
83.71930841001512
109.04992383800605
101.42303452769399
107.2702287267156
88.70778482902946
78.31853955106631
94.88001723753898
105.66774060422804
114.45560935981163
84.57906059942243
92.81483760664193
89.67436006966261
104.90528398932041
112.93323984936421
98.15246942383911
113.9485359708058
98.38861802599456
80.35876687103072
99.84285826882416
101.9946541795016
66.907842925242
131.5815444506229
66.26304925548193
99.77313801487112
94.94910424924247
87.17492519221219
67.82184416248492
108.19692074748438
112.23235941893002
118.40469235798004
93.5156092508074
109.96433006423392
114.40007196912046
64.4913100884834
76.88082263177785
135.295848831337
105.32567112989504
103.21177918587058
100.63019584378152
79.34814653644182
99.32022975551709
116.32768688925663
122.25831135267619
70.74023125382016
110.4914868332427
98.79419135597178
105.25967473925301
92.56992632873288
83.04021608925994
94.16112954983748
114.02100091931969
96.20676888830093
79.14661168035012
74.88619562027482
94.91379840008807
77.29451152707357
103.46980913260727
143.47462800180136
90.31269043022964
108.1217850160608
107.32174505740765
126.37077525350247
103.30974740879569
82.76296299267429
94.3384346234424
106.63778473402687
68.92797741123046
90.35232207970843
87.80540525887331
98.2150741800918
106.11609998270028
96.15156991814646
93.47394332451482
100.4720567115038
83.7701319605323
114.58784423304505
92.05266978466699
135.86083550479165
92.20842932101999
116.06271588295411
128.219859177272
89.95028987453382
138.48471981067198
117.91171368722877
106.74888218971711
92.39867761738381
114.05692373980584
105.5244152665602
106.22454715105663
122.0959162747695
91.3037344917685
78.95960730025726
119.47307914617377
89.07238632191103
87.85728926867081
70.52178466584266
105.03818386193498
95.17107055222833
97.17081748068044
125.3076057798989
118.09149416349216
129.1723517922569
78.01320887479751
78.33755489764121
57.67409582422545
101.11615649052322
98.94112774930618
98.63874920458892
102.00473959394333
123.07840534563412
113.50914263384723
78.06425074741799
105.64139346525054
58.690168620076705
135.57232007119887
141.0734173599419
95.84150236086587
80.70203014057672
96.78765684878532
91.8817961996892
110.7488551959337
92.83198567443596
140.1578974642219
110.04173254353502
116.98302600515933
77.34027632282674
94.265068114148
90.12049766425737
58.04442007174638
90.20611336464114
115.56476333001773
96.813857283039
99.52082230157177
80.77386788258531
100.26009586180037
76.29399912174682
88.0966963466497
80.94042962203471
99.51497626131824
110.21563878671222
104.5685602908538
89.4640290714143
123.88966812001959
91.90704204398111
93.5224939962117
103.79980006040608
101.07154034962801
113.67540519485351
96.49543980689054
94.9244512648575
89.46852244898093
102.42779883961715
106.5900604576776
83.29173430561448
136.95808529886543
105.02281788272468
67.69133939607192
108.50348123042123
104.98100720186487
136.25886119222184
85.83300601953398
91.49246249904475
96.20182026281903
112.75751119166345
80.93484020116867
126.9234179547566
79.33830530241556
93.0126283212032
84.11105590532097
78.72839706447746
94.224646706699
111.67157938266526
92.83464024232563
51.63457868105582
121.75466764958081
72.22828717716898
109.57211484351016
86.47639971162099
112.94368294268871
112.94801282717563
82.31595818430029
89.78830541652877
63.38057039327238
112.54730748384729
103.46425872820089
75.34304114263492
96.60711934240526
131.21002483174485
103.05241228371676
86.60579803805412
129.38073350227188
64.77372986735861
74.19467270086255
110.0003215184655
66.5832616014393
107.90031947043376
75.0607038293523
104.69998934382072
112.97456213741955
122.99918526680203
115.43745712539396
104.79152388454037
115.00107277341348
65.4673632943441
67.14467780021313
76.17389173922933
100.4725970026672
123.23627633079712
120.74800727248349
103.47127045565377
72.25540510570578
89.17537914929991
93.16858024443381
87.87229392268729
95.21440388776227
98.4257112624017
97.53450987222519
125.98599279927072
98.25459476595765
112.71242711715338
119.08135393094801
91.83079105571609
87.92417643380969
112.16756297142713
77.71324185580058
112.78709912702914
129.47415759443246
92.46359518583208
100.63657444338311
93.63018206896152
104.34209230444473
105.1220886628445
124.86940368882708
102.73606063851953
83.37646251642413
82.81266249521889
92.81414855180203
97.58704446847157
82.68656789299821
87.43552875521682
86.70263262810487
119.25235556043035
93.1270861187952
93.22293789811312
109.47257773819649
105.22399227437029
87.25433245379075
128.02432395867405
79.38118567344122
97.11367514015579
118.80959998048945
52.696206064308555
46.86594802730347
90.96694771504454
86.09825294338017
91.22931544640497
71.65313355685687
83.8174595132819
82.18247919702978
78.38718033283834
91.13239234525773
123.16320184999013
104.44105051904101
96.10809822789155
105.8271619905088
89.37319697637436
72.76623225180734
121.18323700897403
94.97914995613776
97.9091757583975
103.53307668387453
130.00193178600716
81.67049240641656
139.02203245395913
118.13379604754881
101.45847598086218
122.37725983647812
85.27461144551494
82.02420588176855
119.0949880708842
82.38771043032601
88.0740691509896
90.91878931854392
85.31482548286485
116.3517950314566
105.77170455065513
105.41376403165823
92.19596124935278
110.34532410114693
119.83105986796645
84.55748378702799
114.24685708666608
97.185059131395
107.60196018315922
98.57764290330961
91.64193895541582
61.552372312716734
102.74025230432697
75.0300187641349
101.74616190871674
128.77656297131335
77.32668561557041
130.83548823490892
99.05385919450444
91.7404333740339
132.77865103782273
113.78842969715137
106.56412832232618
83.39953797759836
114.66219813466836
115.7575803623501
106.09097849845826
105.33865748353358
106.7240160025521
115.49356551747955
87.0268149660346
134.01067823983885
130.3514307007005
133.6643041764671
76.87192779400436
99.73687940305072
106.2516845894329
133.08764860209027
124.97677714027446
77.83190755369598
74.96362274684381
102.4059211715473
72.70352742124916
65.55887174056983
112.07196959026146
107.89883371150076
86.71016960148363
93.23904025218646
118.93740251054814
90.71914169481089
112.06726494551
117.64348981092631
93.68542972257279
108.56701434398072
90.1164377376586
84.61040100375239
104.96336303067955
100.49693809738419
81.30489390692571
102.1829156666114
98.86653085806982
115.65108908939823
113.07452066616814
88.23023045415223
95.54437047673801
98.47262351177689
108.62708616231654
117.13524735346363
79.09310351348591
82.48074400922911
82.48907151692683
111.7064231389063
88.41887356552755
123.53105763061436
98.1073170719672
92.0725518148093
95.4973992395226
56.9064614796338
110.75239897740025
47.808337066729806
83.60358632324262
88.90435444121836
118.07060845759969
81.68287977972537
97.15255707393543
75.08968278598968
97.3679452408797
89.3680073397008
103.59261019290349
133.3254153627247
87.6637958932498
79.75020735121196
50.81808121309277
103.46266893264954
92.4823617617582
96.02015703490584
78.5559433395583
99.61927245551361
93.70323049349099
65.23087413940574
115.68056204280592
88.93578765272204
101.48609734397944
105.00267406956509
110.99062085913849
84.92877532564466
109.24618711872701
106.00224997956654
66.6535369604639
89.23554124830497
101.0723065943362
110.67911995700871
113.03719256452047
131.51204288402812
94.82575454125339
125.20158835286152
98.78974175873789
83.99728065189936
142.20905480783304
87.65689124146857
69.52258381546093
109.87288398995021
92.07107984163042
50.16454477846453
62.00946511491263
111.6359584552646
123.21502445375295
57.49537960097091
112.3226465509287
89.55968507578795
93.44466678795176
135.60065337481444
53.74687941082314
75.48713135401138
105.44921371714044
107.27489726980932
93.46285592789111
120.76704100822023
66.08543136047024
81.34118268633357
72.11898718132156
127.11662880762883
106.10506360364545
105.30707926676033
115.17060657823839
102.445676977935
86.87408120973079
73.89613194568852
93.38964366133348
91.40637215485442
108.14068433677073
112.17253174193458
124.41869690078055
77.54794023866782
104.05993008511173
115.5821150291253
98.44952155130878
107.67745587298356
77.99664257480212
101.99253907959442
127.00036589251835
108.67049564116033
70.00736610807556
135.8168226591675
80.80777790641166
107.5681022425357
94.73661579503607
103.86383650376959
95.51108307454524
67.7704434959998
122.02755932960302
119.02269629149315
103.30181733002199
72.85608700397319
60.40560168408449
104.54846130322274
113.24976795081582
64.293769699721
58.99992014470098
106.99178814146748
135.33071244074324
112.23391196094634
75.39436514590875
98.9109068700198
78.47078770626787
102.9034849731326
103.97440764732563
76.89854948074075
87.96325797400482
114.42866283716782
117.65471425981418
82.81840731145438
74.06361486319186
93.84815313630205
100.11524317298414
85.36489289178489
88.96319610792571
85.36421585616735
81.473598856671
82.22009668035491
54.588943003068344
73.99117680584186
100.79648643101365
81.75679149483675
65.96921604723352
111.57774032234198
135.13228658694382
92.5972273868291
111.66527750376824
92.03927399739649
131.45412159678304
102.31637884794847
97.66608137161151
116.98911663948783
74.07649544575999
75.8858041143724
132.6397887958188
124.9272450912596
98.5357310875885
106.10305355423321
94.8422189122421
124.20403294848919
91.1674168943088
87.5212973419384
128.51946467006226
131.86803989954416
108.5617922307137
102.78160093023371
102.60074678002069
146.69422609145965
111.65390442654063
96.82020034935482
74.53017546501952
138.15398185357043
104.00370807521648
117.5942962737142
117.69157319083374
76.04801514336069
102.41789322302311
133.41690160613695
81.3064425399474
81.8447822705208
130.02037621300238
95.2952792937152
91.23291099433415
89.06464858420674
77.98293598034638
81.22941337544489
118.71052907714052
74.85602831720217
81.6702133295081
119.83560854191197
109.11979317522119
79.5255847963025
59.56599297498504
76.23315129399575
85.02858183194252
80.88679164656072
115.84254662018228
99.32586329085832
109.77723514282711
110.25761083111225
73.25099360619024
89.1895447978517
116.34652217552191
95.46529237261267
89.62586668804205
61.85509691425641
109.04387076372244
118.43308635338676
97.64870290852845
111.93044772256945
93.16214951553555
106.88945380974337
104.9740524163748
119.4984628049057
81.88064026373759
72.83438148992057
82.73799168755353
110.58177921317562
99.17628908766648
109.69052236455227
63.998517278692496
69.10556610091507
111.68482873263402
105.18121246301354
117.6527225227129
66.13039222780743
92.77475620854881
100.49659852754013
77.92632096524093
97.12867708773956
94.25232250067364
113.83964425489806
87.68725700391437
109.4368492844848
109.53688858861216
109.66172961606769
103.3969041739908
107.6645267527383
96.0851297475583
91.59674659070241
130.17567331223665
100.78173267935573
83.18753087487485
119.56483520767608
120.84956511807579
121.72095241713588
119.22870984918103
108.96449011777479
96.43255815546807
118.56675033342124
63.30738491299022
102.3860677083129
99.81555134773346
112.47448662617556
115.7221925828544
89.18222196603247
116.22022646958271
71.78485462467944
75.894996062726
104.00320247967944
108.25685887171485
79.32507574368609
118.90945606477332
112.71322500937694
83.42355006978853
99.33830621054442
108.0424687124389
55.049929972839884
85.43380268279583
72.98442789128322
101.31562464503351
109.80868271906579
96.86862230418888
120.04713464949737
94.85051868578158
135.97202990079657
93.63466240890106
68.22476386649714
118.58278681331238
92.80584253137515
139.40954575969445
110.68488068311487
57.856590922837256
87.27128038111809
81.14541911316998
87.41769457477092
102.95596790158608
81.6458604885065
107.5057741904729
96.01921919374819
101.93001375360028
121.30057901929379
83.29526045546586
113.76496817124435
95.91817384353718
126.42333136950094
109.46977868684627
72.64635717873276
87.37447306435622
86.37743138351067
78.48998346022107
104.66334434227574
94.53585873031463
90.98635266820504
90.66567064213721
86.3188586268044
84.22214097016605
109.11514373574772
59.338710320387406
81.71360340494891
62.727011356183425
117.30120832571755
116.88862518525632
112.28630160673366
109.71469463748394
110.487066081908
69.32583582981545
111.82737289185116
79.60773242689598
108.50930000807816
97.50520859040083
96.51484249022546
93.44083026861203
117.98250255789534
90.99357128860244
111.14835992053284
89.33719871596404
114.60931722113384
80.22374790417642
111.7920671895386
111.47422792956479
102.86437279833821
117.65692185696403
102.15451496912242
127.34532907150941
131.6380087709358
114.40577167190105
90.58184081891159
69.17819192454463
105.61732904611637
98.11752997086158
67.67531232776597
97.81211211150261
87.79739246811278
103.68764900485365
109.25896678755817
93.06342182750359
89.21982570618118
91.99717728661305
88.9139835593623
91.443512309505
105.39416643808819
90.09616583490035
129.75488843367447
85.4988248978053
77.7853656353324
87.35808352126541
133.84051675928905
96.57661328142044
93.37936668157481
120.63510217774673
88.99433233643796
95.57114967655613
89.64924949602066
118.13096782216427
83.66819804402694
116.88123683945018
75.76106435624905
97.05690621283077
79.62722271990913
108.86525408107983
112.24650894871826
102.78380167720329
69.31272588671231
107.09655181471148
119.52749526071007
89.14265642924626
93.41228478397964
102.44883951374105
115.99473472679347
87.21513183897432
121.83295308703498
91.7074736291425
112.07132249209032
108.69263403695315
94.49406993504773
86.8018536800225
107.46670174469591
134.23210665925473
131.85987265254644
126.50495032811804
92.62506304357666
78.43032046994071
104.58755165772357
47.749502308732275
127.21549014355587
93.73380969738928
41.66814643324956
101.34657209312871
114.02521146939512
84.00248682146739
100.10645945787063
72.45373696286391
112.52973313983182
104.124710977752
97.38280254832954
100.01352439913506
128.7024967532331
98.8276194013108
105.5002446665255
114.36052315196483
82.5332738191075
83.65673686460784
74.58691821632755
109.70625113052897
93.29821482866984
105.85575180280165
107.62763119296483
131.39791856448343
83.9388991605136
72.59444272139658
105.36978277063619
88.36831337760219
132.32040324474178
72.89654798102278
99.7486008843206
101.56251245261528
101.63639179314576
114.59271657285672
106.47977628611673
75.08006474191451
103.62389767431053
70.14894903089123
94.48899060603333
93.21047660380147
80.28253147478893
63.18548945243781
82.57755854711083
124.09085838082102
69.46030605801053
86.40766935245716
129.28057952821055
106.69851315668232
88.02575358080634
77.84693092844927
90.85320981396812
112.0992617682468
106.81134233052032
105.72671376035362
93.89579068935808
124.3706538507409
57.19920297647267
130.00449976288058
88.65977361818757
85.21815935683456
118.7256835549082
132.3394539019645
103.65882041336997
113.29518509840133
80.16442458955157
106.88246094059919
107.84773509779308
85.40078036975969
91.56470195232532
79.19457954401736
106.82684462804914
93.93715370713448
101.47714173010755
91.06424166149742
103.12911265371284
119.48655512556543
114.81610311013779
81.68702166789419
69.92858858946096
74.61430221214945
91.89161940362027
93.5556018008614
111.90079392402998
95.98744017991895
63.432678948272525
83.16171682455347
140.71073272165984
88.17239454692437
100.16844188318728
74.08167923945908
139.711716265005
113.58874675546402
97.04270243744114
100.32799197792986
80.08309927118535
111.23837742996656
105.38252266750175
121.61644415918167
81.93177795783741
67.58787869230234
97.48319707276306
100.36684608613385
81.58190859779019
93.74716037414882
110.86826648974645
121.41482449672318
95.5866952880423
94.18977621849045
68.65095770154987
122.07411046707568
92.54882930709994
112.12316825869742
90.54166031535837
132.46285471798151
77.80812275428136
103.09034884598574
81.5206668894773
110.20395358183539
88.47020468958759
102.37711866828727
93.27967717462901
91.98889168712014
103.98953394428794
92.23307323837149
98.73817905669421
79.8085410539415
99.00544768147272
94.475547543727
79.34121752002062
117.61354032549089
65.71248295492994
71.79618628788837
123.46687900318527
81.91355094398504
102.27619117333754
99.9788484312253
94.89102262066781
93.47114880780974
106.93096239064269
138.24020540393784
112.12676684373116
105.50243541085534
104.49540594284758
94.75553024582254
108.96767514813821
91.83076929546718
129.61541506799873
95.82424868922483
83.51998499651721
98.81567782192317
71.93611274652008
85.73120967668213
118.16523837544081
122.16146716807954
85.56592334033752
125.70682250765628
80.35341539568283
126.8444910994576
104.13790691635434
123.66846627341049
113.52353958074067
98.39349682374682
120.80366203347879
121.44591769778333
95.81301868478921
94.85550179908708
98.04763374610735
102.20886444482066
126.29724092996308
114.9088067375775
111.17946983480198
102.83796352520817
109.3802902866459
108.05957216902921
112.54300885235511
118.12656691262396
97.20960545199705
121.79100395098831
101.26179319520455
86.69164493010787
98.05731674709759
109.15788840794065
128.33681306514842
105.23377312356656
117.44398456959476
105.19482835788355
77.37596497295011
115.68294472937566
115.40937773231734
93.29836805872264
96.86863166989936
41.563954004207744
75.0574981709616
119.65503482433749
111.63017757613957
66.21564685707256
71.76624515526333
118.09469160127863
98.77951901771961
85.19460577824823
78.00400351741276
101.66871921167207
62.00894382163295
87.55790176916977
55.00708413081742
111.06703027459648
98.96696683565317
97.32776995326137
125.47849497303804
95.51609263879172
128.8027494804715
104.12998119995628
115.53576635167055
95.32070752632896
62.789000960677335
138.99550680086043
117.77543798172897
82.00597777568694
102.93420048878026
106.93682370094966
100.07986899556862
102.95243171434062
77.87385901682913
134.60795531253345
79.47815167323013
90.23859300718925
144.98243725060883
105.09511259919405
117.06181735241793
70.43694557778616
57.11938223068492
129.9081704820417
107.6984600974722
98.34729641528989
79.78953164322044
109.85095145368813
106.74594542447605
104.35227931013131
121.20232926101438
102.28882112707728
80.57801927174842
119.11136301342414
104.75078886929442
100.30491815678016
90.99692138067353
128.88795851202485
119.00818978967853
112.50697749973513
89.6607936502484
109.34725139252792
105.78401106260955
69.08835562625268
96.86464921999165
143.44506602512251
82.64224584982074
75.59427963304896
64.23200757612645
60.381882861309606
82.55374303816511
62.127494679714
99.24932781193684
114.34025274080592
96.1531775300655
84.38873128858657
93.86548167800812
78.05768551665406
116.05205811527037
114.09654421045953
127.13792760424434
121.43899681590268
133.93258677034103
103.55521871635398
103.89905199091413
125.05390327862648
89.63358251898987
71.09373168330066
96.53773696819634
72.10013130571673
102.02947071775301
92.2259065116477
127.7240358437348
65.6686836234632
85.93256485295181
95.01696733543211
69.46213623223251
101.85927420955578
57.930955029769535
143.3018349055542
81.68716909485622
88.36819337218122
113.15625009236953
62.02577253472479
69.92075288187155
73.22240477268817
77.45341005236352
121.3678033001695
68.57004980856459
98.31545784839177
65.49290203304693
84.1055153432394
98.7345674458455
93.5951873506729
116.03867332978675
88.27719090063131
121.83812249329146
79.42024724791244
97.52434010045656
87.48961208957738
112.94459563260295
112.5354153705967
106.00915432660733
115.99857131546037
116.22416894787078
122.19636065569055
72.6339488482104
112.9438766986444
118.0252402844194
92.82102702533727
76.60532509804757
109.82727506038466
80.07394215987668
99.13336397182692
85.70786388328406
100.84140742047626
84.29376198912145
88.06233055439358
107.31643854349906
117.33253241220322
133.32405946819264
79.82928384775443
92.07890886308364
74.69462416017427
107.9821924996261
85.96461959039081
112.10701565571182
70.17376233624466
99.4432460746419
51.42727305159143
96.60267812489538
122.98175995126425
76.83243695689363
114.07533672067882
93.76256027683586
73.86484756049366
66.53954697183359
68.22799091990645
120.56600934278401
93.95196616260158
76.16934917758579
93.89230722498485
95.41218752173833
105.46283494678602
88.48108253675072
82.38037466209191
108.90468577408016
102.77384302220915
112.11199295132717
87.41883501431694
81.60909232666177
80.84395073375607
76.32741726361314
128.1585255653547
99.36237276937835
75.7949636330908
81.27188967781414
109.56363573169381
111.15977834395684
116.84846107379684
113.76940295371188
135.72545711441467
99.98335077293576
79.09061633978075
88.51074893958676
108.87069397941885
85.97186673807386
111.23979024121242
89.18324434176651
84.46768952812906
110.25167817342833
128.1165218241715
125.78592327000557
85.86292032665627
99.37331544233004
99.15145042698207
112.65339116618529
91.05721704382054
103.28452047464748
103.38092276357136
111.94423372209532
111.59572569415909
131.52048661219388
135.00348298993353
76.68039069800976
104.196647967451
105.64298373994961
122.79459414997075
94.42633585017562
55.410860643716674
84.82625389020598
92.63267209353438
98.32096238714512
83.16849125925195
106.98268109650658
100.44233117623426
106.2254155219138
89.80654232921542
74.09280531222737
101.885256