112.603
97.273
103.886
93.489
92.416
87.954
99.650
92.645
69.684
88.255
71.900
83.754
83.992
112.955
98.889
118.018
113.256
122.452
92.131
111.993
105.351
110.277
 107.797
 123.266
  98.297
 102.939
 110.729
  79.291
 105.461
  98.712
  92.221
  83.622
 101.261
  84.853
  89.702
  88.001
  88.788
 111.025
  98.372
  99.613
  83.690
  71.442
  84.387
  89.890
  72.364
  84.450
  92.963
  85.811
 104.940
  78.261
 103.487
  84.950
  97.572
 103.773
 100.558
 102.852
 109.882
  88.719
 118.133
 110.910
 119.666
 148.093
 128.063
 148.349
 133.004
 129.146
 132.861
 129.610
 138.800
 127.556
 132.146
 131.509
 107.926
  94.184
 101.797
 100.063
  95.140
 118.398
 110.068
 111.050
 109.810
 112.883
 110.568
  93.563
  89.097
  77.109
  86.537
  85.327
  88.945
  99.891
 129.707
 124.075
 134.117
 131.628
 121.498
 109.433
  92.075
  85.620
  82.922
  98.145
  86.296
 100.034
 120.251
 101.999
 126.009
 118.283
 109.629
 108.085
  95.098
 105.656
  96.362
  94.118
  93.810
  85.992
  79.328
  87.509
  76.319
  97.331
  96.872
 108.749
 132.007
 114.756
 121.664
 109.840
 104.589
 106.238
 101.931
 114.999
 110.957
 105.715
 106.392
  88.872
 105.719
 110.737
  83.107
 103.224
 107.727
  79.593
  94.581
  89.529
  76.079
  90.588
  87.842
  94.373
  89.094
  87.862
  83.316
  84.286
  89.318
  69.449
  83.014
  64.052
  68.860
 106.756
  94.438
 112.395
 132.656
 113.729
 118.042
 105.097
 110.281
  97.040
  99.103
  90.340
 102.878
 104.178
  90.157
 100.854
  87.122
  75.747
  69.767
  72.475
  63.710
  86.257
  66.812
  57.165
  71.182
  49.935
  43.605
  43.441
  36.021
  47.740
  36.859
  59.014
  56.953
  59.079
  70.590
  57.771
  71.163
  62.213
  70.111
  78.661
  79.179
  85.230
 107.205
 107.673
  94.758
  97.376
  94.526
 102.509
  83.326
 100.241
 101.755
 100.370
 117.856
 110.584
 129.704
 128.703
 129.355
 106.784
 116.696
 125.726
 116.658
 106.465
 112.953
 121.254
 100.843
  95.227
 113.839
  98.159
 104.281
 105.643
 102.275
  88.953
  92.187
 100.381
  99.134
 109.908
 124.915
 102.852
 111.945
 120.903
 128.204
 123.571
 123.042
 147.685
 133.980
 125.256
 130.372
 123.048
 115.848
 129.848
 130.746
 152.347
 142.679
 148.564
 145.062
 142.277
 121.441
 115.490
 132.774
 113.941
 138.924
 122.200
 107.359
 118.169
  92.339
  94.677
  96.024
  75.037
  85.744
  98.634
 102.530
  97.270
  94.931
  98.820
 114.615
 113.898
 116.206
 118.200
 128.602
 128.907
 133.069
 123.567
 115.927
 106.147
  94.642
  99.508
  90.655
  83.332
  88.312
 104.730
 101.312
  99.459
 118.956
 100.487
 114.934
 107.452
  93.510
  91.429
  90.803
  97.049
 110.770
 115.592
 115.704
 113.987
 120.816
 112.963
 107.920
 112.091
 101.082
  90.072
  90.913
  90.039
 103.089
  84.572
  96.441
  90.429
  83.112
 104.433
  92.762
  91.852
  74.683
  74.346
  70.548
  78.337
  86.346
  75.888
  88.508
  92.383
  80.677
  97.509
  84.889
 101.917
 117.580
 100.031
 112.539
 116.981
 114.720
 127.799
 143.733
 121.883
 135.344
 122.519
 123.870
 133.402
 132.540
 133.631
 124.174
 128.766
 111.999
 103.346
 116.860
 112.990
 112.249
 118.614
 125.667
 101.813
 107.503
 110.816
 127.275
 122.487
 108.339
 108.865
  92.893
 100.526
  82.450
 110.725
  88.230
  83.400
  87.273
  84.546
  78.402
  78.101
  79.406
  87.611
  64.463
  77.013
  82.850
  61.629
  68.473
  71.869
  88.283
  90.652
 105.876
 104.897
 111.825
  90.273
  93.435
  96.538
  93.576
 107.472
  89.473
 110.981
 100.334
  93.971
  86.978
  93.501
  84.024
  78.120
  89.992
  83.268
  92.003
  77.246
 107.195
 102.618
 103.361
 105.050
 104.838
 101.575
 110.207
  99.637
 105.487
 110.910
  96.204
 112.247
 114.267
 107.006
 104.108
 104.376
  90.220
  98.633
  83.420
  93.090
  97.103
  89.623
  76.530
  69.587
  84.401
  82.420
  78.056
  83.402
  80.439
  76.092
  75.064
  79.256
  86.390
  80.978
  98.631
 106.714
 125.245
 116.748
 121.455
 119.585
  97.989
 118.201
 123.503
  97.570
 117.593
 110.615
 119.389
 104.086
 111.819
 105.817
  94.981
 118.847
  99.887
 118.104
 115.425
  95.522
  93.036
  90.305
  87.992
  78.940
 104.042
  81.122
  94.014
  85.579
  92.655
  89.113
  67.483
  88.296
  82.770
  71.398
  85.536
  77.223
  92.551
 105.995
  94.900
 107.660
  80.069
  89.020
  91.207
  82.912
  95.064
  84.996
  99.201
 105.775
 100.485
 103.207
 110.808
  95.644
  88.472
  96.204
  94.175
 115.881
 111.295
 132.189
 122.384
 128.598
 150.221
 130.209
 126.506
 131.870
 131.163
 125.862
 127.228
 120.453
 121.068
 118.984
 119.266
 112.624
  99.822
 115.186
  99.133
  99.116
  91.493
  92.436
  86.480
 105.728
  95.445
  94.030
 100.668
  91.611
 118.787
 109.038
 121.242
 117.931
 125.103
 125.294
 120.604
 124.222
  97.935
 119.279
 122.796
 100.980
 102.074
 100.272
  98.768
 110.985
 105.953
 104.796
  79.316
  80.284
 104.855
  81.401
  99.005
  87.745
  99.929
  91.460
 102.158
 126.037
 119.225
 121.035
 102.919
  93.282
 104.203
  92.949
  91.898
 107.747
 104.088
 102.092
 127.883
 112.452
 133.021
 138.919
 140.881
 143.147
 121.705
 141.263
 125.774
 127.924
 132.769
 122.106
 122.077
 120.334
 135.059
 115.292
 121.319
 104.716
 119.585
 112.472
 109.540
 105.387
 114.287
 110.800
 112.651
  96.986
  82.743
  93.735
 101.310
  97.593
 101.704
 102.479
 114.330
  97.176
  99.591
 105.891
  82.237
  77.282
  76.517
  71.779
  85.191
  90.050
  89.426
 110.774
  83.195
 103.516
  92.064
  90.214
  94.797
 106.530
 108.268
  97.927
  96.998
 101.245
  90.268
  86.207
  62.853
  86.335
  89.502
  76.534
  86.354
  85.767
  86.703
  91.617
 108.021
  88.052
 107.620
  93.302
  98.611
 112.256
  85.208
  88.914
 105.726
  97.004
 107.324
 113.834
 110.614
 119.913
 123.689
 125.040
 121.729
 108.315
 120.996
  93.433
  85.099
  94.805
  80.741
  89.571
  85.862
  90.097
 106.913
  96.313
  85.221
 110.599
  97.248
 100.114
 107.388
  89.506
  92.232
 102.388
 102.656
 105.069
  98.745
  92.719
  93.754
  94.090
  94.518
  90.228
  87.890
  85.795
  82.258
  86.471
  89.912
  84.936
  99.743
 102.649
 105.789
 107.083
 109.617
 102.916
 100.120
  96.928
  99.946
  87.436
  90.012
  77.910
  81.906
  83.571
 100.255
  99.675
 112.839
  95.246
  89.325
  99.392
  84.161
 112.563
  99.140
 113.100
 116.546
 110.743
  92.599
  83.290
  73.586
  90.903
  86.265
  80.519
  78.860
  76.941
  90.732
  92.987
  87.476
 113.330
 108.456
 103.062
 121.525
  96.504
  95.039
  91.332
  87.949
  91.630
  88.484
  77.390
  77.513
  68.582
  67.896
  60.926
  69.616
  58.935
  76.661
  82.781
  86.379
  81.035
  98.442
  81.062
  90.104
  95.916
  99.468
  95.437
 102.935
  97.445
  99.378
 100.589
  90.941
  91.056
 109.833
  97.058
  78.846
 109.030
  81.939
 101.715
  99.183
  99.393
  85.628
  99.870
 108.872
  87.882
 114.697
  98.155
 101.958
  94.490
  88.955
  83.919
 111.443
  99.500
  83.784
  94.047
  69.193
  86.548
  86.855
  89.070
  99.936
  98.222
  94.616
  86.890
  93.833
  87.709
  93.558
  73.821
  74.855
  82.175
  81.722
  73.130
  84.087
  88.871
  94.321
  82.655
 105.005
 107.508
  96.442
 115.689
 115.176
 120.030
 130.327
 117.231
 117.934
 130.736
 140.271
 150.655
 143.408
 146.540
 139.537
 150.895
 127.052
 135.039
 128.591
 125.149
 103.695
  98.212
  99.535
  83.293
  80.384
  74.278
  67.357
  67.677
  68.289
  62.628
  67.485
  80.319
  92.226
 117.853
 116.830
 108.335
 121.817
 135.947
 125.803
 109.444
 119.317
  95.264
  94.067
  92.335
  79.575
 103.198
  84.227
 105.493
 115.769
  93.371
 122.809
  89.407
 104.798
 103.315
 107.759
 125.490
 102.536
  95.014
  91.466
  96.058
  82.917
  95.271
 101.102
  86.795
 108.248
 108.690
 116.365
 107.790
 103.921
 104.287
  68.072
 103.442
  74.246
  93.958
  89.495
  66.870
 112.906
  76.242
 104.843
  93.123
  96.087
 111.505
  98.431
 100.940
 102.925
 107.732
  94.011
 102.523
  88.235
  87.331
  99.177
  99.760
 109.506
  99.219
 114.456
  97.977
  99.952
 100.175
  93.763
  87.010
  83.766
  84.939
 107.950
  99.991
 116.998
 103.051
 104.951
 125.317
 100.220
 125.049
 117.187
 120.552
 117.267
 115.792
 125.493
 113.218
 120.149
 128.906
 114.715
 150.272
 119.815
 128.828
 142.023
 133.360
 140.369
 127.078
 116.882
 122.413
 121.583
 127.848
 117.370
  98.380
 106.442
  91.933
 117.180
  84.576
 108.998
  97.213
  86.404
  84.000
  92.911
  90.705
  98.409
  96.100
  91.520
  86.554
  61.251
  77.275
  43.064
  62.119
  48.715
  68.403
  74.592
  77.112
  99.655
 101.774
  90.922
  78.836
  90.839
  83.750
  68.840
  70.589
  54.363
  71.121
  65.084
  72.139
  94.115
 112.290
 102.948
 122.166
 113.360
 115.817
 117.538
  93.323
 103.394
  92.074
 106.715
  88.765
  92.650
  90.479
  82.083
  94.771
  96.309
 106.385
 107.362
 117.718
 126.328
 117.355
 125.229
 124.916
 120.199
 108.819
 111.568
 108.103
 108.123
 117.916
  94.782
 104.725
  91.098
  93.770
  94.978
  69.881
  98.741
  96.637
 108.105
 115.457
 108.523
 120.753
 105.978
 111.396
 108.205
  99.670
 108.435
 109.176
 104.429
 112.213
 113.515
 120.323
 120.032
 116.394
 130.839
 123.478
 118.422
 110.459
 105.018
  85.364
  95.483
  73.453
  59.531
  78.806
  64.540
  67.868
  66.008
  89.654
  68.065
  92.757
  92.979
 117.071
  97.118
 115.640
 109.101
 100.619
  98.532
 100.974
 113.842
  89.550
 100.516
  93.204
  92.447
  78.645
  72.369
  89.821
  89.511
  96.910
  94.775
 110.454
 109.948
 126.727
 107.377
 105.629
 102.970
  82.366
 103.166
  98.232
 106.323
 100.790
  84.714
  82.545
  88.446
  93.303
  92.711
  96.318
  96.440
  70.808
  69.489
  70.006
  67.874
  65.442
  65.464
  76.140
  91.669
  77.026
  90.512
  74.020
  78.088
  89.384
  97.946
  99.765
 101.335
 100.905
  71.056
  77.963
  84.237
  52.459
  75.241
  73.206
  52.850
  66.977
  49.147
  66.340
  56.582
  75.131
  96.955
 107.656
 110.899
 129.443
 141.232
 120.749
 123.434
 121.074
 126.104
 121.482
 113.068
 122.586
 116.811
 110.223
 127.783
 121.974
 118.412
 129.510
 112.445
  93.142
  98.868
  85.325
  74.221
  87.163
  91.350
  84.754
  82.153
  91.727
  89.905
  94.710
 109.615
 121.489
 101.986
  94.180
  74.857
  69.233
  51.384
  61.853
  66.438
  70.097
  75.101
  60.843
  73.217
  71.702
  64.380
  67.580
  77.284
  86.811
  92.681
  94.183
  96.697
  96.200
 105.067
  92.158
  88.328
  84.131
  84.153
  90.300
  84.084
 109.596
  99.621
  93.394
 100.440
  82.582
 100.405
  78.402
  90.494
  83.784
  71.428
  85.954
  69.201
  88.771
  71.576
  74.025
  82.077
  60.178
  66.002
  81.444
  86.317
  71.650
  95.488
 101.672
  84.149
  94.250
  85.938
  90.280
 113.105
  94.060
  94.920
 105.953
  93.656
  89.938
  91.193
  88.645
  75.192
  69.838
  92.966
  90.363
  78.399
  89.704
  64.199
  58.574
  60.958
  41.658
  45.719
  58.833
  58.650
  68.805
  67.658
  80.907
  82.125
  79.689
  93.211
  83.694
  95.845
  89.929
  78.788
  79.954
  76.653
  65.463
  72.702
  73.809
  76.218
  75.220
  81.924
 107.375
  88.284
  89.783
  97.856
  81.017
  85.346
  86.263
  89.011
  94.419
  87.527
  72.893
 107.973
 106.100
  93.761
 115.544
 101.750
 107.091
  96.651
  92.289
 102.879
 109.500
 109.219
 104.501
 106.503
 105.313
 106.261
 112.991
 108.512
  95.559
  82.419
  89.228
  75.429
 107.987
  85.340
 105.135
 101.569
  85.501
  89.465
  88.131
 101.832
  93.813
  84.712
  95.092
  91.297
 111.756
 108.144
 124.386
 122.068
 104.367
 106.128
 100.644
 104.432
  85.897
  97.415
  96.062
  82.321
  63.428
  77.524
  69.298
  98.173
 108.084
  96.478
 124.280
 114.592
 107.937
  93.222
  91.120
  90.802
 112.537
  97.721
 120.764
 116.422
 105.473
 102.976
 105.167
 114.594
 117.347
 101.929
 105.796
 115.175
 122.202
 122.128
 140.091
 134.515
 138.945
 127.984
 130.139
 130.295
 144.881
 121.730
 131.329
 117.730
 106.415
 111.003
  91.737
 110.411
 105.419
 100.825
 115.930
 112.815
 112.462
 113.719
  93.817
 111.460
  92.687
 106.962
  87.918
 102.334
 118.590
 137.789
 132.193
 134.507
 120.543
 132.097
 122.572
 115.905
 123.136
 102.277
 135.405
 114.702
 120.182
 105.431
 100.403
  89.247
  98.182
  97.063
 109.704
  98.777
 105.602
 102.683
  96.081
  90.338
 110.459
 127.509
 124.184
 122.748
 116.151
 117.486
 106.083
 137.197
 135.465
 143.328
 147.688
 129.402
 150.425
 122.045
 118.161
 134.204
 126.472
 117.604
 111.440
 114.836
 109.713
 134.063
 109.284
 115.853
 112.573
 100.289
 106.831
  92.858
  99.826
  99.352
  85.363
 113.674
 110.289
 105.957
 135.121
 105.524
 134.028
 117.563
 106.492
 131.945
 111.602
 110.048
 103.564
 116.260
 111.497
 122.778
 103.022
  95.756
  97.759
  83.393
  83.168
  66.611
  61.189
  62.431
  71.911
  72.180
  85.966
  99.025
  81.216
  82.702
  62.765
  58.589
  57.172
  59.998
  64.512
  78.202
  81.227
  82.306
 105.201
 101.769
  94.744
 105.726
 108.460
 114.087
 115.552
  96.082
 105.341
  96.536
  96.757
 104.620
 109.991
  98.725
  91.698
 107.612
  97.548
 101.730
 108.193
 105.473
 115.131
 113.293
 130.683
 112.456
 110.151
 126.455
 109.463
 119.842
 102.132
 111.956
 102.566
 106.988
 102.547
  86.346
  99.620
  70.449
  69.967
  80.216
  56.352
  64.357
  90.203
  73.346
  97.211
  90.240
  93.838
 119.474
  89.552
 104.114
 120.045
  95.647
  96.187
  87.597
  92.321
  98.344
  97.310
  72.888
  90.985
  77.798
  70.410
  62.653
  64.323
  63.741
  81.451
  86.512
  92.808
  81.284
  89.363
  81.236
  65.943
  75.768
  66.240
  81.762
  65.417
  91.330
  84.873
  94.375
 109.970
  94.759
 106.509
  94.349
  83.364
  80.303
  86.721
  87.122
  82.484
 100.062
 101.900
  91.753
  80.803
  85.306
  86.571
  79.545
  92.514
  94.971
  96.405
  91.448
 106.297
 106.535
 113.652
 119.905
 114.426
 100.204
 106.070
  99.526
  93.952
  97.916
  94.997
  76.034
  76.822
  76.299
  72.621
  83.539
  57.801
  69.817
  54.790
  74.001
  64.291
  62.235
  46.789
  59.936
  55.522
  65.305
  70.393
  60.699
  73.385
  80.616
  86.551
 100.927
 101.483
  97.200
 107.113
  95.824
 103.743
 102.673
 113.873
  98.542
  92.791
  99.535
  99.360
 110.763
  94.807
 116.088
  99.584
 108.959
 102.907
  87.449
  94.340
  74.088
  87.748
  82.456
  93.388
  86.645
  95.758
  90.208
  77.064
  64.836
  74.770
  70.653
  97.050
  79.670
  94.860
  78.044
  95.429
  87.353
  74.786
  77.255
  73.233
  71.762
  68.101
  76.402
  96.044
  99.133
 101.745
 112.995
 110.886
 117.857
 110.088
  98.620
  80.193
  73.084
  76.745
  70.898
  74.084
  74.769
  70.933
  84.448
  72.092
  82.010
  84.915
  90.771
 110.464
 111.052
 102.009
  95.286
  87.840
 107.136
 109.363
 100.321
  99.709
  92.051
  93.009
  78.908
  90.061
 101.213
  83.985
  89.801
  97.332
  86.938
 109.015
 122.873
 112.777
 129.517
 111.869
 102.452
  99.630
  88.451
  88.233
  98.628
  96.739
  89.402
 108.927
 104.769
 114.611
  96.796
 100.645
 100.719
  93.550
  82.331
  76.785
  84.772
 102.091
  98.145
  92.217
  97.671
 103.850
  97.185
  87.082
  84.377
  80.610
  63.618
  76.463
  68.691
  56.872
  64.867
  71.385
  66.726
  57.468
  79.425
  68.362
  56.273
  75.911
  69.216
  67.186
  73.853
  74.202
  68.542
  91.123
 106.354
 103.032
 104.424
  93.861
  96.563
  84.597
  66.038
  93.894
  71.632
  88.131
 103.320
  91.026
 112.101
 115.667
 119.936
 108.141
 114.131
 113.110
 119.485
  95.312
 107.696
 125.377
 124.371
 131.089
 120.266
 118.189
 101.714
 108.121
 102.829
 100.931
  91.552
 116.788
  93.345
 104.298
 100.944
  92.970
 108.200
  93.373
  94.863
  77.794
  92.371
  86.008
  91.398
 102.954
  90.438
 106.615
  92.981
  99.221
 125.185
 119.442
 137.782
 119.465
 121.344
 114.089
 100.436
  98.033
  95.965
 100.391
 105.422
  96.652
  89.796
  96.783
  92.576
  85.771
  66.277
  96.102
  78.254
  73.415
  92.890
  82.100
 102.055
 114.072
 104.113
 108.404
  91.970
 103.450
  90.109
  71.515
  90.440
  73.849
  79.993
  83.316
  67.324
  52.507
  52.999
  71.338
  71.393
  82.274
  99.918
  89.703
 118.721
 102.947
 114.766
  95.245
  85.844
  87.279
  69.573
  77.407
  98.044
  87.560
 100.386
 114.761
 100.314
  90.118
 103.145
 113.972
  92.202
 116.440
  96.131
 108.004
 110.794
 105.812
 105.395
 105.781
  92.354
 100.318
  96.366
 103.629
 102.498
  98.272
 107.617
 112.411
 106.702
 111.987
 118.853
 110.285
 101.206
 118.959
 112.358
 124.567
 111.419
 117.438
 118.115
 104.088
 125.892
 117.443
 117.639
 105.041
 113.543
  88.067
 101.378
 103.725
 100.090
 106.213
 103.669
  93.864
 114.710
 110.970
 111.685
 111.883
 120.409
 110.085
  89.089
  91.887
  94.139
  94.305
  91.910
  72.965
  87.159
  81.708
  75.419
  89.878
  84.427
  89.946
  85.477
  84.037
  86.899
  87.530
  91.615
 109.320
  98.193
 100.468
 120.545
 103.017
 110.367
 112.331
  93.928
  76.812
  77.827
  75.498
  73.260
  84.182
  71.596
  74.138
  66.308
  86.899
  62.973
  79.293
  79.385
  77.240
  80.859
  79.064
  75.534
  80.557
  84.642
  99.697
 107.306
 108.993
 106.692
  86.958
  92.319
 104.928
  94.790
 107.680
 107.850
 109.527
 121.841
 137.011
 146.236
 143.370
 147.699
 134.111
 138.883
 131.018
 128.609
 128.361
 104.623
 114.185
 128.196
 101.830
 106.375
 105.835
 102.106
  95.854
  92.827
 111.731
 100.484
 119.605
 104.381
  99.936
 102.015
  75.788
  88.722
  93.137
  83.436
 103.084
 102.889
 113.633
 114.017
 110.058
 115.651
 112.297
 113.518
  97.319
 108.473
  98.428
  91.709
  91.383
  84.870
 116.042
  98.802
 100.959
 101.068
 104.650
  95.707
 106.156
  92.297
  97.772
 118.318
  92.097
 110.255
 117.800
  94.376
 100.365
 104.243
  88.545
  97.507
  75.717
  87.875
  83.541
  65.335
  67.428
  63.516
  69.221
  63.191
  62.675
  72.816
  76.945
  74.340
  72.322
  77.709
  83.473
  86.594
  68.621
  91.075
  82.131
  80.739
  83.995
  76.010
 104.973
 112.424
 104.037
 129.502
 119.605
 128.577
 120.865
 106.172
 131.492
 124.434
 106.955
 115.498
 132.281
 132.344
 133.067
 143.574
 123.981
 136.560
 137.325
 136.362
 125.489
 133.349
 108.921
 124.357
 113.202
 108.472
  95.928
  96.088
  98.996
  99.341
  97.200
 100.397
 100.927
 106.929
 105.505
  90.556
  97.620
  79.412
  99.684
  90.668
  87.626
  90.351
  91.038
 100.726
  84.315
 100.614
 118.137
 103.235
 110.106
 100.493
 101.357
 115.612
 128.243
  94.731
 114.507
 105.373
 114.359
 117.779
 117.423
 130.315
 121.714
 117.279
 122.885
 128.404
 126.182
 131.163
 122.178
 115.840
 114.085
 117.844
  97.517
  96.066
  84.979
  98.839
  78.721
  65.481
  88.465
  64.621
  61.599
  72.530
  57.187
  72.669
  82.697
  91.121
  88.958
  96.989
 104.384
 110.476
 108.875
  88.575
  92.794
  73.935
  64.321
  53.112
  65.799
  65.453
  49.184
  64.426
  53.302
  58.764
  64.028
  72.536
 102.351
  93.622
 102.353
 114.882
  78.231
 100.774
 100.145
 100.171
 110.072
  91.925
 104.445
  88.529
 104.298
 112.983
 118.661
 114.172
 101.083
 117.095
 106.412
 102.916
  88.348
 108.921
 108.924
  98.249
 119.601
 111.784
 110.136
 111.123
 124.956
 125.244
 124.173
 108.869
 118.290
 111.553
 104.384
  91.716
 102.467
 104.576
  91.311
  83.720
  85.919
  65.710
  72.492
  63.302
  65.078
 100.388
  82.924
  83.145
  92.210
  83.766
  91.111
  85.576
  82.190
  89.999
  93.605
 119.510
 107.950
 105.991
 112.917
 108.497
 122.457
 129.207
 109.674
 120.827
 113.329
 100.365
 113.391
  97.354
 110.253
 114.028
 112.648
 109.885
 107.003
 107.011
  95.220
 100.833
  84.088
  74.584
  82.726
  78.371
  87.360
  84.866
  75.339
  84.752
  72.652
  54.945
  73.062
  60.997
  63.164
  66.620
  51.915
  69.573
  77.972
  60.199
  73.492
  89.390
  76.407
  90.314
  94.973
  93.206
 113.362
 109.534
 116.266
 125.740
 119.391
 117.950
 107.867
  85.621
  99.882
  74.213
  70.330
  72.726
  63.707
  59.260
  63.705
  73.303
  82.829
  63.124
  71.439
  80.204
  79.744
 114.386
 100.906
 119.555
 104.038
 103.057
  93.772
  90.836
 100.505
  94.163
 107.332
  99.706
  96.079
  76.254
  75.243
  68.790
  85.454
  69.436
  76.853
  97.194
  76.622
  76.837
  82.508
  59.434
  74.421
  74.744
  92.129
  89.734
 105.151
  96.733
  98.455
 111.527
  91.517
  97.790
 109.378
  92.789
  91.142
  92.537
 107.197
 113.085
 116.073
  92.868
  90.064
  95.926
  72.707
  93.960
  95.663
 107.870
 117.966
 130.087
 129.440
 143.328
 116.304
 130.974
 140.031
 118.564
 143.918
 125.074
 132.502
 134.447
 116.871
 131.649
 129.999
 123.448
 139.553
 130.150
 135.451
 139.848
 141.541
 137.893
 142.509
 145.504
 132.847
 128.403
 124.489
 126.394
 128.376
 106.830
 111.683
 106.422
 100.049
 101.392
  83.663
 100.555
 110.615
  88.852
  99.575
 101.316
 118.253
 103.471
 109.592
 125.021
 105.544
 123.022
 121.027
 138.974
 113.794
 137.141
 116.818
 124.579
 123.334
 104.454
 107.684
  96.761
  98.428
 108.711
 107.331
 112.962
 100.448
 108.153
 101.944
  90.386
  85.639
  76.553
  81.194
  95.168
  91.095
  93.377
 100.525
  89.414
  82.344
  83.203
  82.048
  78.492
  87.576
  81.756
  75.179
  93.211
 101.570
  94.038
  86.242
  93.439
  82.661
  92.578
 109.383
 102.420
 105.462
 107.105
 108.357
  99.150
  90.211
  90.296
  93.122
  86.774
  95.801
  87.262
 105.157
 103.422
 106.820
 102.643
 115.724
 110.999
 133.005
 112.871
 102.510
 107.307
  88.828
 110.243
 101.295
 114.874
 118.463
 127.183
 115.607
 129.854
 128.357
 114.649
 122.253
 110.090
  87.109
  85.875
 105.873
  83.795
 104.479
  91.433
  89.083
  92.402
 107.457
 109.361
 100.248
 115.344
 110.054
 130.675
 122.671
 100.616
 115.111
 103.414
 102.130
  93.753
  68.187
  61.296
  75.951
  63.703
  77.173
  73.878
  84.200
  90.928
  80.775
 105.730
  94.025
 111.384
 116.379
  96.587
 110.446
 121.029
 119.366
 117.808
 108.087
 132.737
 129.464
 123.141
 123.942
 122.931
 131.338
 105.926
 115.884
 101.838
  94.453
 109.384
 105.627
 107.838
 110.084
 104.057
 102.825
 100.186
 100.476
 105.511
 109.092
 105.807
 105.898
  94.314
 110.784
 107.851
  90.146
  97.337
  76.898
  86.945
  89.656
 106.937
  96.994
  89.690
  81.594
  68.825
  88.607
  84.027
  82.357
  96.678
 109.178
  91.535
  82.259
  79.062
  75.643
  55.542
  71.017
  54.067
  78.904
  84.000
  84.789
  90.482
  91.923
  84.880
  92.067
 107.563
 104.245
 111.974
 114.059
 114.563
 117.944
 123.265
 105.946
 117.793
 129.022
 122.265
 137.713
 129.530
 130.013
 130.515
 129.262
 135.409
 133.965
 131.728
 125.687
 123.909
 133.930
 107.302
 121.574
  99.737
 114.192
 104.899
  85.241
 126.843
 102.311
 113.960
 113.515
 131.762
 116.240
 111.083
 118.578
 100.063
  94.359
 113.947
 109.758
  92.978
 111.807
 110.745
 100.267
 115.958
 112.433
 115.551
 108.367
 110.950
  94.105
  99.915
 100.341
 105.382
 121.932
 122.854
 140.327
 139.000
 130.480
 127.639
 135.486
 137.609
 118.055
 121.684
 114.005
  95.343
  98.895
  88.595
 101.992
 103.957
  76.258
  88.375
  85.540
  80.007
  92.512
  65.409
  80.317
  81.716
  64.377
  64.375
  72.880
  78.978
  84.808
 104.064
 100.034
 103.547
 109.374
 103.633
 102.011
 100.954
  88.703
 104.380
 104.212
 116.195
 117.873
 105.548
 122.919
 100.080
 100.863
  95.643
  88.083
  92.012
 117.228
 104.188
 117.750
 108.992
 135.290
 114.532
 116.301
 132.737
 102.814
 133.638
 104.960
 108.351
  97.760
  93.138
 128.011
 105.238
 126.102
 126.748
 131.726
 136.254
 123.843
 120.397
 124.802
 111.710
 115.952
 125.622
 108.182
 111.326
 111.595
 104.939
 117.535
 111.169
 124.733
 116.118
 117.422
 104.497
 102.167
  91.753
 108.403
  99.411
  98.961
 108.638
  90.817
  87.639
  95.769
  87.915
  74.595
  93.223
  93.234
  91.901
  95.598
  91.509
 109.826
 104.442
 105.109
 120.199
 117.380
 116.381
 121.426
 113.424
 114.886
 134.289
 119.987
 136.152
 126.872
 135.787
 129.346
 133.988
 131.665
 129.143
 131.861
 127.502
 130.478
 124.850
 121.100
 120.203
 122.550
 128.954
 125.493
 127.802
 107.350
 111.470
 102.581
  78.732
  90.142
  75.078
  71.425
  74.521
  58.722
  65.032
  67.363
  72.156
  84.173
  87.177
 101.078
  83.198
 103.726
  86.740
  90.418
  85.659
  89.063
  78.310
  92.560
 106.153
  79.062
  97.081
  72.480
  77.933
  69.832
  82.463
  79.306
  72.430
 100.583
  98.543
 104.937
  96.314
  87.489
  96.877
  88.190
  82.805
  78.383
  96.417
  87.715
  95.253
  88.105
  96.906
  84.441
  88.739
  75.502
  76.765
  78.335
  79.191
  96.683
  98.191
  96.078
  97.589
 101.371
  88.779
  91.597
  90.020
  92.884
  91.191
  78.787
  76.201
  63.445
  67.547
  71.448
  55.875
  76.969
  76.665
  66.363
  42.299
  57.894
  47.513
  32.625
  52.740
  56.020
  60.294
  75.246
  83.053
  93.777
  91.291
  93.916
 104.777
  94.306
  98.468
  91.208
 102.418
 108.436
 129.510
 107.783
 102.725
 132.331
 120.089
 108.582
 108.104
  86.617
  96.093
  94.403
  77.451
 104.188
  88.671
 118.399
  97.696
 116.805
 113.187
 100.916
 115.459
 106.188
  89.931
  91.138
  88.819
 103.344
  95.100
 109.657
 130.018
 120.294
 106.548
 122.528
 112.158
 100.437
 115.578
 126.579
 117.384
 122.573
 125.903
 145.014
 131.106
 133.837
 140.350
 129.380
 135.052
 111.474
 128.578
 122.975
 107.905
 118.259
 117.362
 138.771
 119.144
 128.860
 119.187
 112.418
 113.449
 111.207
  95.717
 111.132
 101.910
 103.819
 111.495
 107.910
 110.395
  97.464
  88.088
  92.126
  90.291
  74.547
 106.833
 111.452
 106.947
 119.832
 108.878
 111.034
 112.048
 113.937
 122.121
 112.392
 109.000
  97.737
 104.456
 104.928
 107.737
 110.818
 115.529
 111.929
  90.805
 102.450
 101.957
 101.591
 106.922
  87.180
 101.051
  90.488
  82.492
  84.442
 107.624
  99.332
  97.734
  86.866
  83.120
  69.812
  72.571
  71.120
  67.942
  77.054
  63.971
  65.133
  61.892
  64.422
  71.147
  84.041
  78.735
 107.419
  86.443
 112.193
 101.715
  91.634
  99.288
  83.928
  73.287
  81.153
  71.799
  61.937
  88.339
  64.549
  90.849
  69.449
 101.293
  95.362
 106.741
  96.922
 110.220
 103.678
  85.295
  81.412
  76.466
  89.121
  82.789
  86.529
  74.947
  85.004
  71.223
  55.931
  53.317
  51.855
  47.842
  87.065
  74.408
  83.337
  81.377
 102.089
  84.005
  76.789
  85.334
  76.024
  81.298
  80.788
  71.706
  83.715
  83.203
  99.712
 110.651
 108.217
 112.420
  97.209
  98.670
  85.614
  86.925
  89.143
 101.892
 107.984
  99.899
  89.654
  86.274
  94.669
  99.412
  90.770
  87.621
  92.789
  68.961
  70.989
  83.193
  68.542
  74.799
  72.408
  78.264
  65.884
  78.366
  88.074
  85.075
 102.373
  77.294
  97.074
  93.905
  84.516
  99.271
 101.098
 119.134
 102.865
 109.388
 130.159
 106.301
 103.896
 111.445
  99.018
 102.468
  87.010
  96.380
  83.016
  83.799
  95.163
 110.970
 117.381
 115.368
 106.825
 116.120
 124.541
  98.565
 123.645
 119.248
 106.001
 108.616
 100.375
 117.846
 105.972
  99.680
 118.573
 101.030
 105.186
  89.898
  84.600
  73.938
  70.320
  62.648
  63.461
  74.495
  53.273
  66.307
  46.355
  63.531
  58.115
  71.216
  63.630
  64.394
  87.104
  77.422
  95.414
  80.383
  88.616
  73.671
  66.696
  65.209
  77.122
  96.545
  81.937
  91.004
  95.143
  90.244
  93.007
  88.535
  90.643
  81.946
  93.699
  88.340
  93.620
  88.790
  76.391
  85.015
  87.029
  88.286
  85.477
  86.591
 111.125
  92.719
  94.904
 106.238
  79.506
 102.948
  94.283
  80.653
 100.359
 100.463
 125.757
 121.312
 130.710
  99.259
 105.495
  93.109
  80.754
  69.066
  63.106
  72.135
  76.653
  90.618
  87.518
  94.166
  97.092
  87.090
  82.433
  70.985
  51.778
  73.090
  65.823
  78.070
  93.457
  99.565
  91.161
 105.629
  86.580
  85.870
 108.804
  82.962
 101.109
 104.760
  90.238
 113.754
 100.039
 108.062
  96.756
  74.465
  93.753
  83.187
  73.377
 103.750
  87.794
 102.768
 102.055
  92.978
  95.087
  76.305
  71.106
  69.811
  84.298
  79.249
 101.422
 122.769
 119.891
 117.946
 127.664
 127.978
 109.764
 123.414
 102.775
 101.044
  94.697
  90.218
  93.680
  77.173
  94.063
  94.287
  94.526
  92.412
  98.150
  98.155
 108.444
  88.017
  85.619
  97.267
 103.464
  93.722
  84.421
  95.947
  90.958
  94.267
  90.836
  96.887
  97.559
 115.480
 123.173
 129.694
 118.207
 111.333
 119.494
 105.321
 117.915
 118.656
  99.302
 102.616
 100.093
 100.103
  90.057
  93.840
 106.857
  79.581
  87.188
  73.976
  67.153
  49.294
  57.915
  66.898
  67.794
  82.313
  77.394
 100.726
  90.438
 103.049
 113.453
  98.154
 121.470
 115.161
 120.106
 115.996
 103.662
  85.098
  80.531
  91.327
  78.803
  70.924
  82.739
  90.630
  89.615
  76.956
  92.325
  86.926
  95.431
 123.202
 119.260
 124.251
 122.271
 108.640
 104.310
 117.313
 117.981
 108.422
 113.335
 137.010
 114.322
 123.982
 112.507
 109.817
 115.417
 117.515
 103.693
 127.442
 117.318
 120.152
 119.042
 115.799
 112.197
 123.887
 105.579
 125.778
  96.531
 101.999
 119.699
  95.503
 112.621
 113.639
 110.335
  86.938
  92.729
  64.482
  88.833
 100.444
 105.515
 117.216
  96.461
 108.441
 113.161
 109.578
 119.306
  99.614
 101.823
  86.355
  71.695
  75.626
  56.302
  70.540
  61.456
  78.955
  89.148
  73.964
 108.377
  79.550
  87.528
  71.326
  89.275
  75.855
  78.144
  75.888
  49.388
  77.750
  73.610
  68.798
  70.543
  82.745
  78.272
  84.213
  97.241
 107.030
 100.848
  89.277
  90.841
 102.372
  89.804
  98.389
 112.258
  90.923
 108.851
  93.448
 101.676
  93.124
  90.549
  82.835
  76.278
  84.190
  69.018
  76.812
  95.032
 105.273
  98.135
 105.892
 116.424
 108.629
 103.271
  96.105
  95.954
 106.841
  89.858
  97.574
  79.427
  73.733
  78.542
  74.083
  54.678
  89.203
  71.438
  78.548
  69.726
  74.176
  87.498
  71.943
  60.634
  61.780
  56.967
  63.056
  71.362
  74.845
  96.935
  68.242
  81.897
 108.208
  86.546
 103.768
 106.958
  97.337
 106.610
  91.540
  77.244
  69.746
  86.907
  81.898
  80.153
  90.920
  80.014
  95.555
  95.910
  92.167
  89.054
  96.827
 108.292
 113.800
 100.088
  89.100
  84.537
  78.739
 103.040
  93.627
 102.836
 115.735
 102.637
 123.214
 116.837
 100.157
 112.133
 109.759
 102.325
 101.929
  95.673
  97.177
 110.500
 115.873
 114.524
 119.449
 122.666
 110.041
 104.968
 111.773
 100.492
 112.749
 103.451
 117.146
 108.904
  98.481
 123.132
  95.713
 113.344
 115.038
 129.771
 123.032
 131.032
 129.331
 133.131
 124.129
 132.887
 127.124
 102.277
 106.667
 105.395
  87.587
  81.710
 103.000
  82.834
 102.198
  95.735
  97.298
  90.355
  99.864
  80.765
  91.834
  95.235
  92.967
 103.246
 110.691
 116.802
 113.855
 126.904
 103.844
  99.603
 111.729
  94.370
  92.497
  86.938
  86.615
  78.959
  78.999
  90.830
  90.247
 101.328
  94.349
 105.440
  82.314
  87.009
 101.191
  84.944
 114.118
 106.661
  88.718
  93.197
 113.449
  93.628
  91.567
  87.047
  86.504
  95.084
 102.084
 121.280
 100.857
 121.000
 125.267
 122.803
 103.162
 112.813
 111.662
 105.383
 111.589
 107.579
 117.917
 101.846
 101.176
  92.712
  91.855
  96.526
  86.361
 102.475
  86.445
  87.292
  82.289
  92.881
  98.365
  97.465
  91.770
  70.903
  75.841
  73.921
  65.878
  88.462
  77.912
  89.072
  83.040
  76.838
  78.638
  83.917
  80.907
  83.233
  82.722
 103.353
  97.000
  84.827
  83.236
  82.612
  66.643
  80.946
  72.648
  79.525
  80.875
  80.925
  87.648
  76.631
  85.465
  95.576
  88.963
  91.029
  95.911
  80.690
  85.104
  95.665
  87.106
  89.470
  92.779
  88.714
  87.156
  92.367
  92.626
  89.716
  94.406
  86.015
  97.970
  84.534
  71.586
  79.205
  68.573
  55.721
  65.034
  64.306
  71.689
  75.320
  79.064
  75.683
  81.133
  63.545
  72.618
  46.974
  73.647
  70.473
  72.591
  92.703
  98.495
  95.554
 102.610
 109.619
 121.309
  96.718
 103.603
  98.780
  84.384
 101.079
 102.285
 116.698
 115.809
 118.185
 138.500
 127.590
 129.603
 140.780
 120.802
 137.142
 143.544
 121.824
 135.092
 118.761
 122.422
 115.302
 116.848
  82.741
 102.700
  89.348
  89.175
 113.050
  86.151
 105.110
 100.357
 102.538
 104.372
 100.987
 123.828
 110.589
 101.545
 106.418
  94.855
  81.724
 102.484
 109.118
  95.726
 102.697
  86.810
  95.102
  76.781
  76.438
  82.941
  81.231
  84.056
  90.640
  88.197
  83.064
  99.828
 101.962
 112.904
 112.599
 129.672
 109.941
 128.741
  98.980
 100.951
  94.379
  85.888
 105.058
  90.682
 108.604
  94.705
 114.133
  95.684
 121.834
 121.396
 100.408
 109.739
  96.408
  90.774
  77.177
  83.338
  72.230
  71.469
  76.550
  65.636
  72.237
  93.839
  81.624
  75.727
  84.218
  81.400
  97.936
  85.890
  72.849
  75.798
  72.030
  68.092
  76.261
  98.095
  90.541
  83.478
  72.958
  74.698
  70.088
  84.750
  84.578
  88.378
  90.910
  99.964
  99.177
 102.771
 136.641
 126.078
 133.562
 132.689
 128.075
 120.616
 118.433
 108.231
 104.387
 108.661
 113.286
  99.468
 112.177
 112.195
 106.662
 116.303
  89.363
  83.086
  72.594
  78.401
  72.136
  78.180
  89.587
  85.677
  96.398
  97.007
  90.624
  91.619
  78.080
  88.068
  76.806
  89.362
 105.636
 102.296
 103.429
 107.116
 104.848
  94.718
  95.532
 101.255
  90.867
  96.103
 100.712
  98.392
 106.648
 111.599
  92.947
 118.742
 120.069
 128.711
 125.487
 118.700
  95.057
  93.058
  74.809
  92.052
  86.967
  92.833
  98.297
  96.481
 100.517
 102.370
 104.907
  94.920
 100.846
  84.255
  94.030
 104.363
 114.627
 111.122
  94.211
 118.415
 105.404
 123.299
 115.809
 127.164
 107.156
 101.264
  93.147
  77.799
  94.387
  89.661
  86.766
  84.626
  67.779
  97.332
  84.719
  71.345
  89.608
  70.626
  81.170
  84.948
  75.066
  94.951
  66.530
  83.577
  90.430
  75.029
  70.142
  68.218
  98.387
  88.961
 104.203
 104.549
  90.310
  89.501
  90.535
  84.755
  91.965
  83.568
  93.530
  87.129
  85.784
  78.646
  82.018
  85.806
  72.089
  77.610
  68.343
  68.500
  67.097
  76.724
  90.365
 102.236
 114.147
 111.353
  99.071
 105.050
  87.128
  78.241
  88.142
 103.293
  87.940
 103.394
 107.469
 106.876
 116.566
 110.150
 107.055
  94.681
 115.037
 113.607
  87.669
  91.866
  95.005
  84.652
  86.220
  77.428
  79.992
  99.655
  94.468
  88.245
 101.724
  91.962
  81.427
  85.896
  90.763
  70.773
  86.752
  90.027
  84.970
  93.080
  92.623
 104.765
 112.432
  99.181
 104.883
  95.976
  93.531
  93.470
 108.168
 111.013
 115.967
 111.070
  93.445
  90.007
  98.478
  97.892
  99.098
  96.282
 105.304
  91.763
  93.635
  86.977
 102.474
  90.782
 110.022
 118.974
 114.447
 149.688
 109.454
 125.291
 129.067
 110.463
 115.218
 106.352
 120.560
 109.771
  99.904
  95.062
  85.684
  87.082
  83.534
  81.700
 103.265
  70.196
  87.382
  80.725
  68.815
  87.325
  63.178
  60.809
  63.693
  55.015
  57.776
  62.975
  81.051
  96.014
 100.278
 103.763
  93.825
  91.887
  89.985
 103.197
  90.324
  93.152
  93.831
  88.319
 102.167
  90.860
  99.332
 104.087
 100.720
 119.538
 105.893
 116.953
 118.330
 114.172
 127.126
 137.427
 135.972
 140.216
 130.293
 137.879
 116.811
 114.888
 100.702
  94.960
 118.894
  86.856
  96.436
  97.040
  87.974
  80.939
  69.879
  80.314
  90.644
  96.519
 110.436
 112.499
 102.491
 117.360
 126.763
 137.674
 129.152
 109.194
  93.875
  96.476
  83.761
  72.424
  78.593
  63.468
  52.017
  68.533
  68.651
  61.985
  81.134
  75.282
  66.976
  93.399
  95.048
  88.108
  95.751
 107.026
 114.821
  96.315
 107.479
 108.022
  98.654
 103.221
 102.414
  93.109
 118.159
 100.880
 102.934
 108.853
 111.842
  99.348
 107.693
 101.572
  96.996
  97.078
  75.301
 102.628
  91.414
 106.305
 119.497
 105.709
 122.219
 105.762
 110.823
 116.962
 107.488
 126.445
 112.094
 126.876
  91.517
 101.948
 114.310
 105.272
 122.645
 119.373
 141.993
 133.425
 140.315
 135.734
 123.680
 125.732
 110.591
  92.637
 104.593
  96.466
  96.495
  98.193
  87.651
  83.596
 100.474
 104.942
 102.534
  87.765
 100.048
 117.867
 110.651
 131.762
  99.638
 120.707
 116.275
 100.879
 109.133
  83.970
 103.527
 107.135
  96.990
 107.004
 119.575
  92.686
 112.236
  91.470
 112.294
  98.576
 105.920
 103.305
  95.535
 117.034
 108.844
 127.546
 122.943
  96.763
 101.712
 102.828
 106.823
 118.962
 125.829
 123.505
 131.859
 117.759
 141.627
 142.318
 144.913
 149.348
 122.904
 123.944
 108.343
 113.334
  98.463
 117.825
 102.714
  87.997
  99.980
 107.070
  83.410
  98.986
 101.588
  88.641
 113.304
 120.290
 109.438
 124.984
 115.198
 107.957
 102.261
 111.422
 109.889
 127.015
 129.978
 126.258
 127.602
  99.975
 115.626
 101.805
 101.726
  89.324
  76.012
  67.751
  73.031
  64.278
  82.530
  88.036
  81.709
  82.880
  83.225
  91.773
  93.671
  97.723
 106.652
 100.881
 105.766
 117.697
 113.891
 100.482
  94.189
 110.739
  86.649
  96.178
  93.761
  75.062
 103.361
  95.249
 104.174
 108.068
 104.249
  95.776
 105.279
 104.230
 104.724
 110.144
 108.904
 128.018
 115.496
 123.490
 113.936
 103.744
 105.061
  98.167
 120.338
 108.171
 134.925
 121.477
 126.079
 125.717
 127.907
 134.011
 127.143
 127.023
 135.454
 119.223
 114.679
 113.836
 120.566
 112.833
 100.977
 106.328
  93.947
 108.898
 110.039
 107.639
 106.016
  98.847
  98.100
 101.677
  81.855
  96.717
  95.348
  78.906
  91.855
  78.895
  81.197
  69.932
  56.528
  56.223
  64.916
  56.220
  84.811
  71.642
  70.887
  61.268
  73.393
 102.849
  80.171
  94.824
 107.828
  96.108
  86.220
  86.174
  82.133
 100.051
  81.302
  88.791
 111.707
  98.025
  86.282
 107.396
 102.069
  88.909
 100.616
  90.693
 102.290
 108.238
  94.335
  81.578
  91.049
  96.877
  86.327
 108.254
 103.803
  97.424
 101.291
  93.290
  89.889
  78.001
  73.026
  88.355
  81.016
  82.890
  94.311
  94.296
 103.935
  97.244
 113.643
 129.741
 130.909
 144.943
 145.336
 147.732
 140.064
 130.895
 143.791
 126.436
 129.451
 132.150
 125.041
 126.718
 132.090
 132.758
 127.237
 114.942
 106.741
  85.883
 107.497
  92.661
 122.293
 112.117
 108.596
 115.665
 118.644
 128.904
 130.453
 130.150
 121.921
 119.087
 104.191
 109.792
 111.667
 110.290
 113.752
 112.940
 119.747
 127.354
 108.899
 129.289
 111.156
 132.599
 113.135
 131.977
 130.017
 128.214
 140.686
 128.079
 127.513
 115.471
 131.929
 125.651
 107.714
 109.033
  93.288
  77.996
  83.244
  65.677
  80.786
  81.855
  65.141
  57.298
  64.875
  59.367
  49.886
  52.661
  59.158
  67.838
  76.247
  80.751
  75.540
  97.464
  96.158
  89.769
  92.551
  91.379
  96.139
 103.552
  86.449
  93.923
  98.461
 112.674
 100.186
 106.232
 108.445
 104.043
 106.463
  97.717
  94.752
 101.188
  77.423
  96.026
  86.378
  91.562
 103.320
 102.114
 102.697
 108.508
 107.368
 101.702
  90.924
  78.984
  85.211
  78.514
  75.424
  85.697
  97.027
  86.276
  95.052
  79.299
  85.323
  95.364
  90.552
 106.670
  93.436
  98.005
 112.508
 116.508
 113.021
 111.369
 139.628
 102.312
 114.914
 108.941
  93.480
  84.540
  92.361
  91.342
  77.865
 103.436
  74.948
  73.534
 101.189
  88.357
  88.908
  97.562
 108.575
  87.170
 109.804
 103.358
 115.099
 122.491
 113.855
 125.962
 130.643
 126.800
 118.847
 136.368
 117.110
 122.493
 124.978
 130.299
 128.899
 108.474
 125.413
 121.624
 104.749
 126.702
 126.390
 138.894
 141.138
 151.914
 134.709
 138.283
 120.349
 126.197
 130.992
 116.092
 150.168
 112.896
 120.929
 100.129
 118.282
 105.782
  94.699
  98.909
  89.539
 101.064
 105.440
  92.172
 102.144
 112.473
 106.427
 122.420
 110.024
 101.371
  75.992
  82.260
  66.505
  69.392
  67.503
  77.882
  70.553
  63.878
  61.680
  59.550
  46.497
  47.084
  52.468
  57.145
  55.309
  60.783
  67.984
  67.476
  78.884
  73.374
 107.309
  82.715
  80.133
  53.120
  78.280
  61.445
  69.210
  97.971
  78.009
  94.409
  95.104
 112.961
 106.583
 105.443
 115.656
 105.406
  82.385
  84.426
  75.813
  64.159
  60.792
  58.612
  74.750
  63.090
  74.192
  77.819
  81.994
  78.950
  87.702
  87.555
  89.037
 101.353
 107.038
  96.562
 111.617
  99.416
 116.577
 108.165
 118.026
 117.621
 130.482
 116.766
 117.627
 112.574
 112.522
  90.902
 102.443
 109.942
  94.064
 115.177
  96.248
  99.257
 102.162
 105.042
 115.344
 121.824
 134.394
 120.079
 119.133
 137.037
 118.796
 112.854
 112.834
 125.737
 102.947
 113.153
 101.788
 101.169
  96.196
 105.348
 108.084
 115.542
 111.514
  98.944
 102.786
  77.427
  86.459
  82.155
  67.429
  64.335
  66.679
  64.565
  58.826
  86.971
 100.386
  94.470
  99.495
 121.786
 107.224
 116.812
 137.534
 134.067
 146.649
 156.829
 150.300
 145.763
 149.671
 144.324
 136.707
 125.345
 119.055
 110.536
 114.155
 105.468
 117.997
 115.902
 111.213
 110.831
 101.652
 110.828
  95.033
 110.843
  98.662
  92.156
  98.146
 107.740
 102.870
 102.180
 111.684
  99.498
  94.537
  90.124
  91.025
  79.432
  84.219
  83.754
  78.276
  83.078
  75.567
  90.537
  94.119
  81.416
  91.457
  97.877
  87.304
  82.352
  85.458
  83.178
 100.337
  95.531
  99.901
 101.144
  79.678
  85.586
  87.590
  95.439
 102.899
 111.524
 123.279
  99.039
 113.287
 107.018
 110.913
 106.869
  97.872
  95.061
  81.944
  99.394
 100.892
  81.714
 106.280
 110.046
 101.459
 116.044
  96.132
 109.088
 112.782
  92.148
 119.924
  97.962
 125.885
 116.216
 119.484
 131.054
 112.777
 135.309
 134.765
 116.471
 121.535
 117.476
 111.149
 103.318
 112.052
 107.550
 114.061
 105.595
 104.566
 106.293
  95.726
  96.661
  82.834
 103.520
  93.161
 103.090
 101.947
  94.308
 101.940
  93.567
  82.585
  77.704
  67.004
  68.486
  73.007
  82.190
  85.094
  82.668
  86.216
  94.583
  77.730
  88.029
  97.007
  97.284
  86.231
  81.310
  67.675
  74.008
  61.616
  66.171
  90.464
  91.171
 110.282
 102.061
 113.285
 109.777
 101.620
  94.579
  96.220
  89.481
  86.882
  94.884
  89.874
  88.474
 100.919
  96.287
  81.692
 103.650
  97.455
  82.389
 112.762
 103.403
  96.530
 110.468
  97.449
 109.062
 112.052
 123.455
 125.926
 129.763
 135.664
 146.501
 158.990
 139.163
 138.715
 145.801
 130.342
 140.474
 146.379
 128.889
 142.190
 129.077
 121.241
 104.537
  99.973
 109.479
 108.056
 108.114
 121.027
  95.633
  95.243
 103.964
  96.431
 109.763
  98.599
  99.741
  96.004
 106.731
  88.634
  85.332
 104.798
 105.192
 115.721
 120.567
 136.632
 150.622
 128.099
 140.226
 121.074
 117.761
  99.311
 105.177
  89.717
  96.749
  97.693
  90.591
 104.612
  90.444
  97.378
  94.267
  94.538
  92.789
  83.238
  92.851
 103.192
  96.052
 113.026
 109.423
 118.960
 115.055
 135.241
 109.210
 127.835
 121.912
 118.495
 130.947
 103.980
  97.025
  90.751
  90.780
  84.816
  83.044
  85.989
  77.626
  62.932
  66.204
  50.892
  59.324
  57.277
  74.485
  73.661
  85.282
  70.991
  74.305
  77.254
  82.744
  86.259
  84.140
 101.248
  84.160
  91.792
 102.563
  91.778
 104.956
  89.736
  83.049
  83.141
  57.020
  77.286
  87.468
  86.625
  90.207
  96.735
  77.792
  84.676
  68.329
  79.294
  88.339
  76.041
  69.905
  70.420
  68.859
  57.646
  98.655
  83.127
  75.935
  95.000
 107.547
 105.588
 115.481
 110.686
  80.183
  85.357
  75.144
  82.648
  75.672
  99.172
 104.440
  83.227
  93.306
  74.051
  78.675
  80.843
  69.311
  72.807
  71.386
  80.838
  75.933
  83.877
  95.128
  74.112
  91.575
  89.522
  89.924
 116.868
  92.161
 116.341
 114.679
 112.051
 125.704
  96.370
 109.996
  99.853
  84.685
  87.001
 111.062
 103.414
 118.263
 129.058
 118.715
 104.342
  95.460
  85.875
  84.505
  84.441
  80.338
  98.270
  87.215
  95.059
  92.200
  92.163
  96.588
  95.345
 107.129
 109.357
 103.390
 110.349
 107.533
 118.959
 112.424
 113.498
 118.863
 106.259
 103.159
 105.382
 101.761
  88.079
  99.010
  82.317
  99.836
 109.462
 107.923
 111.965
 105.386
 104.059
 106.921
 111.557
 125.814
 122.918
 135.496
 106.368
 102.093
 100.959
 104.415
  91.445
 110.529
 100.736
 113.055
 108.497
 107.810
 119.962
 115.573
 128.417
 120.585
 114.531
 109.245
 110.074
  95.256
  93.842
 102.427
 109.540
 112.829
 104.066
 108.393
 122.345
 109.360
 111.076
 129.978
 116.133
 113.266
 107.688
  89.949
  90.526
  81.107
  82.782
  85.747
  81.568
  88.318
 100.093
  66.393
  86.418
  85.540
  85.698
  96.783
  71.663
  70.347
 100.256
  84.373
  93.320
 100.962
  69.025
  79.917
  68.480
  63.545
  65.801
  82.325
  78.879
 110.190
  83.480
 104.448
 110.992
 120.914
 106.057
  99.588
 110.374
  98.594
 101.809
  99.511
  94.106
  98.884
 124.184
 111.388
 119.713
 105.969
 118.454
 118.355
 112.515
 104.651
 103.299
 114.313
 116.962
 122.764
 111.268
 120.033
 101.458
 118.388
  97.716
 100.492
 112.216
  92.183
  91.124
  98.368
  93.445
 104.421
 114.693
  97.808
 120.950
  92.582
 108.582
  94.578
  89.682
  98.854
 102.087
  85.139
  90.430
  97.107
  99.572
 126.699
 102.681
 126.153
  91.329
 116.827
 112.249
 114.753
 143.722
 136.894
 120.562
 124.793
 128.611
 134.669
 125.450
 132.984
 116.716
 123.168
 109.061
 119.632
 103.836
 105.845
 110.158
 107.639
 104.110
  82.337
 111.060
 107.240
  98.549
 121.849
 125.409
 101.148
 129.814
 121.319
 130.822
 107.388
 116.085
 107.604
 103.721
 118.475
 118.090
 123.309
 122.443
 117.115
 121.754
 120.180
 114.988
 116.651
 112.899
  87.153
  72.898
  86.624
  73.462
  87.520
 100.995
  91.402
 108.354
  82.211
 103.022
  84.878
  94.156
  98.630
  79.153
  84.464
  66.356
  83.559
  64.884
  86.772
  90.809
  96.963
 101.359
  75.231
  89.559
  87.165
  63.113
  85.470
  72.279
  79.756
  80.303
  76.708
  89.457
  84.449
  91.732
  80.106
  75.502
  89.974
  87.946
  84.695
  68.474
  57.494
  64.820
  51.919
  45.673
  72.887
  63.217
  63.190
  87.823
  67.223
  84.874
  86.815
  70.884
  88.239
  86.881
  94.368
  92.963
 104.738
  90.792
  90.974
  92.635
  88.451
  92.637
 104.794
 101.021
 114.149
  94.049
 100.702
 101.347
  71.374
  90.306
  82.978
  78.469
  65.865
  73.250
  48.277
  62.419
  73.545
  82.605
  93.033
  85.677
 109.538
 109.551
 110.459
 108.597
  83.962
  83.279